272
67
874
57
875
25
16
290
67
876
51
74
67
877
878
30
32
408
84
502
20
109
67
879
766
880
2
881
651
229
32
882
332
157
11
159
42
333
883
109
884
229
32
716
109
67
885
87
58
67
886
67
874
887
109
167
888
30
889
890
87
105
891
515
6
20
50
115
892
157
20
221
539
523
80
114
20
115
892
893
55
109
696
632
109
398
815
272
756
879
303
32
647
894
6
204
109
62
34
100
39
35
116
30
32
895
109
799
167
32
138
428
896
6
897
151
2
49
71
103
512
127
17
2
220
898
2
46
200
540
229
100
109
899
2
54
2
78
200
540
229
100
251
39
128
30
129
900
131
47
32
901
902
75
135
32
903
103
512
127
67
874
198
32
904
905
906
907
103
532
14
20
908
20
239
272
50
115
545
6
158
85
909
910
190
911
72
87
532
14
25
67
68
69
2
65
48
67
912
17
592
57
11
913
914
915
290
916
917
208
918
30
100
144
67
919
920
536
174
16
74
73
100
20
532
6
67
68
51
428
149
6
552
126
127
73
921
922
901
923
217
20
51
924
6
925
926
126
127
545
927
17
295
928
48
198
2
250
28
289
109
298
299
17
929
11
930
67
874
931
109
32
932
131
566
114
115
32
933
82
32
934
30
935
936
2
937
67
179
874
30
938
44
939
25
940
361
67
941
942
943
30
772
459
151
2
944
300
450
548
32
945
30
946
4
439
2
947
20
127
71
306
114
115
948
2
300
78
200
540
229
100
153
897
123
2
239
20
555
785
17
67
949
30
67
950
422
11
951
952
123
2
464
144
11
12
39
953
229
32
954
109
197
955
131
39
956
322
957
958
272
23
959
555
785
297
6
158
170
960
17
303
200
961
127
962
963
413
109
964
20
622
141
32
40
2
965
11
966
17
967
109
57
968
969
970
131
971
16
2
972
105
32
973
963
974
157
67
975
1
2
313
2
220
148
6
316
20
57
4
106
976
977
198
57
754
141
67
978
483
2
979
555
316
16
87
20
565
898
30
16
17
151
980
459
981
982
741
2
240
983
157
984
985
212
23
49
123
23
39
25
986
987
551
567
197
988
157
572
71
303
157
423
251
240
39
32
286
109
989
127
6
17
990
991
57
23
273
992
67
993
157
123
23
963
994
152
100
39
32
995
996
6
197
997
23
51
163
85
32
117
998
999
157
74
57
100
1000
204
1001
109
1002
30
381
2
24
17
198
87
288
20
898
30
16
23
481
32
423
1003
30
197
552
17
830
1004
28
1005
1006
17
1007
272
1008
1009
17
1010
23
544
17
20
54
100
34
20
564
36
1011
178
1012
2
220
54
225
103
73
20
1013
217
20
816
16
322
11
1014
2
1015
6
1016
212
17
295
2
1017
20
127
225
163
133
1018
109
20
272
167
303
896
6
135
20
71
20
240
101
1019
1020
119
87
20
319
58
1021
105
67
1022
2
224
71
215
101
105
67
318
2
273
530
994
152
67
860
6
32
1023
1024
57
1025
1026
1027
229
67
1028
1029
1030
17
67
1006
433
1031
1032
16
14
64
502
35
539
1033
109
67
287
17
74
30
182
1034
229
2
217
67
445
1035
1036
555
114
425
109
1037
71
158
1038
17
1039
416
6
301
1040
229
1041
32
1042
1
1043
20
1044
57
64
1045
502
100
23
49
72
199
2
39
445
1046
6
234
1047
67
1048
254
2
39
1049
44
32
61
17
64
1050
11
699
17
174
16
2
39
104
117
1051
17
1052
67
873
30
32
847
6
16
2
870
520
23
499
217
32
1053
87
288
20
565
898
30
16
2
898
1
57
28
1054
1055
17
1056
74
539
86
11
1057
71
415
86
1058
20
6
47
32
945
30
946
1059
502
65
6
1060
1061
58
1062
157
26
1063
30
1064
324
173
20
301
182
545
73
1065
30
74
158
1066
20
148
87
760
413
1067
32
500
34
9
58
32
1068
157
1069
67
860
58
163
23
1070
1071
1072
100
2
1073
4
1074
20
67
839
303
548
32
1075
25
20
551
46
237
155
736
73
20
109
67
307
109
67
1076
2
898
153
1077
109
4
117
534
32
538
529
17
50
51
32
1078
482
23
1079
16
32
1080
21
200
105
127
272
23
49
153
971
1081
306
1040
249
148
158
1082
157
67
307
34
2
54
151
152
1083
378
1084
17
67
1085
30
1086
1087
2
592
87
39
403
67
1088
1089
32
1090
1091
30
1092
30
1093
17
1094
449
990
128
1095
17
74
67
1096
157
548
533
44
1097
44
1058
106
399
2
39
1098
109
67
307
378
32
699
105
11
554
100
39
1099
555
785
301
127
17
971
105
158
1100
17
1101
1102
23
24
1103
1104
152
58
1105
17
980
152
58
545
229
980
459
109
197
433
1106
1107
153
319
1108
239
38
23
544
1109
14
1110
2
1111
23
1112
105
67
1113
30
67
1114
17
615
25
16
1115
322
198
105
1110
2
313
306
86
5
6
204
22
144
38
2
146
1116
6
87
58
371
557
28
179
620
6
54
87
28
90
17
36
404
2
34
20
416
6
8
105
17
565
145
16
540
32
896
424
153
1117
158
1118
34
555
406
1119
2
273
1120
1121
636
20
1122
1123
1118
109
1124
17
20
46
1125
48
71
2
78
204
1126
73
20
17
158
1127
123
2
114
32
1128
1129
6
1130
127
38
276
20
200
82
8
67
503
332
157
32
975
295
1131
1132
197
1133
17
292
16
67
445
1134
1135
2
51
1136
221
11
1137
322
67
1138
153
8
475
459
23
49
17
862
32
467
2
465
157
20
785
552
100
91
20
239
67
1139
1140
17
2
1141
100
17
100
1142
167
1143
276
1144
16
198
153
200
17
1016
1104
152
34
249
1145
16
11
1146
17
0
1104
152
39
1147
229
1148
1149
127
17
14
11
1150
64
615
741
736
1151
265
67
482
91
17
132
6
204
109
1152
1153
1154
2
1155
25
67
1156
1157
11
1158
190
1159
1101
1102
17
1160
11
293
1161
6
1162
234
1163
48
30
67
59
157
120
231
1164
11
1165
239
38
459
64
49
1166
101
261
238
30
67
287
2
1167
306
78
200
105
135
9
2
39
127
74
335
229
151
28
303
1168
25
74
520
20
54
179
312
2
13
14
109
67
525
30
67
1169
672
17
615
127
25
1170
1171
131
292
16
32
1172
783
30
1173
109
1174
229
67
1175
1176
1177
303
1178
1179
994
2
49
1180
20
300
1181
1182
87
20
898
551
1000
288
390
1019
16
17
137
303
1183
20
152
1184
1185
20
1183
151
17
23
1019
20
639
30
1186
979
32
1187
1188
100
74
272
101
1189
1081
306
1190
20
54
17
551
566
300
44
520
438
182
551
268
57
67
921
30
1186
1000
288
44
551
1191
17
163
896
1127
2
410
994
2
49
87
20
319
39
1192
44
30
92
1193
71
34
1081
306
46
1190
415
46
1194
1195
1196
20
17
11
12
1197
6
288
58
158
159
1198
71
4
1199
34
2
1200
6
1201
197
6
1202
11
500
44
32
632
30
1203
17
4
1199
34
153
211
197
1204
67
318
30
1205
36
956
44
151
58
1206
305
82
303
23
58
109
1183
229
16
4
163
1207
109
1183
229
197
17
4
1199
34
153
1208
1209
6
1210
67
1127
30
32
984
1211
84
1212
67
993
157
270
109
1213
127
6
17
990
1214
1215
2
78
1201
20
6
237
57
10
73
11
12
459
167
1216
1217
1218
17
1219
551
261
54
57
1220
86
67
10
184
1221
47
182
17
425
46
204
801
73
100
38
114
32
552
2
1222
9
58
74
1047
67
1223
30
32
1224
4
303
1225
229
20
4
1226
20
2
220
1183
151
17
2
220
1227
2
516
1228
34
20
979
6
1229
48
30
158
1230
72
158
1198
17
167
1231
428
516
221
57
335
25
67
223
744
1232
64
49
220
1044
57
2
581
20
152
2
3
44
32
1233
312
20
114
1234
623
956
764
265
57
20
78
1235
16
157
1236
30
1237
557
74
298
299
58
1238
30
1239
1221
17
557
100
273
145
158
1030
157
67
278
4
1240
6
779
6
270
44
32
10
48
30
9
1241
64
1242
109
497
350
1147
67
921
30
1186
276
114
6
237
100
290
64
49
44
462
44
2
114
57
552
20
1243
16
1140
2
268
67
449
86
109
1244
433
1245
20
54
67
10
785
265
2
288
153
431
158
1246
390
39
1247
127
109
32
1248
1249
1114
1250
32
1251
30
1252
1253
1254
2
1255
51
424
6
1256
57
23
39
1257
32
406
1258
335
1102
123
2
464
6
1259
67
1260
109
67
1218
30
262
1261
1122
30
1262
1263
17
1264
198
272
23
944
756
74
9
1265
2
581
32
1266
1267
30
1268
1269
25
11
1270
1271
17
614
1272
11
331
322
67
1273
151
2
3
225
425
879
425
25
74
100
39
300
57
92
2
1274
57
2
611
200
540
229
100
2
220
1275
6
204
1276
71
2
146
200
109
157
1277
25
11
323
167
1278
87
980
1139
1279
1280
1281
109
1282
35
9
151
1196
2
114
115
109
67
371
4
5
6
7
6
204
22
109
67
1283
2
54
167
896
105
20
71
67
1211
112
135
1284
1285
6
67
1286
425
6
87
32
1287
30
1288
1289
441
204
6
20
272
880
220
1044
2
114
158
1002
198
101
1290
1291
2
24
199
149
272
11
12
1292
167
1293
30
55
167
1293
2
268
17
251
86
1294
123
167
1295
6
636
265
6
1296
9
58
303
128
30
182
151
4
303
1297
109
1298
289
129
1002
1299
182
157
32
1300
482
4
5
6
1301
229
158
1066
199
73
100
994
20
1302
980
152
39
5
743
1303
109
67
1304
288
20
898
57
20
46
89
32
1305
1306
16
17
11
1066
163
11
12
502
1045
801
57
157
16
64
1019
197
17
64
1307
16
57
23
1019
234
50
174
234
57
260
1308
6
32
1187
71
2
146
114
11
59
1309
157
26
1310
17
146
114
1220
1205
73
390
415
46
47
127
184
1311
87
415
416
6
288
73
100
20
101
102
1105
459
67
1026
614
1312
57
20
441
779
6
26
1313
1314
577
756
158
1315
2
416
48
49
1104
152
1316
16
67
1317
30
32
263
1318
1319
441
1320
638
153
301
109
32
1321
17
452
32
420
25
67
1322
1233
1323
1324
115
217
16
157
32
490
30
263
801
2
49
17
34
20
135
153
114
67
83
1325
100
48
6
151
215
28
501
36
23
146
1202
100
127
428
1326
87
73
16
499
11
12
2
332
994
49
64
1327
16
756
158
1315
2
499
390
1328
17
67
554
1329
30
197
1102
1330
1331
221
1059
1332
6
416
16
23
1333
4
5
6
297
144
17
239
67
1334
2
273
986
67
1335
30
272
459
1336
6
1246
32
311
134
157
74
67
1337
109
67
1233
1323
16
428
1338
48
980
152
225
103
1339
820
5
105
38
17
4
5
6
8
291
2
782
74
67
1340
251
39
32
1341
25
67
433
435
17
1342
1343
1344
383
1345
625
1346
1347
105
32
1348
1349
1350
2
332
20
441
406
114
158
1346
432
229
67
1351
1352
23
24
1353
109
32
956
428
1354
1355
1031
1346
58
892
157
1104
17
980
152
109
67
641
23
870
17
44
23
1356
290
67
1357
17
544
6
1358
48
67
1346
306
67
503
51
67
1359
6
846
16
32
1360
