32
1339
1361
1362
1363
67
435
30
1364
1365
229
32
1366
30
67
1367
57
39
1368
105
298
299
746
167
20
23
24
1103
1369
2
316
980
459
20
86
38
17
755
303
2
499
23
615
25
16
1370
755
303
489
23
113
114
1371
6
1372
106
352
9
307
72
755
80
1369
2
1373
11
660
17
661
1110
2
499
1374
927
25
197
56
1029
1375
101
1376
1110
44
1377
44
303
67
56
58
1342
475
459
23
3
17
1228
303
1378
6
1379
67
44
520
20
54
23
1380
322
198
105
1342
20
1369
204
1110
36
956
44
2
404
1206
17
80
1110
1369
2
1381
11
660
17
661
109
67
1150
489
30
55
231
153
1316
32
699
320
115
1382
1383
67
503
1384
645
1385
6
16
109
181
16
483
229
11
306
17
100
39
35
378
32
1386
471
30
276
57
2
1387
322
1388
57
1389
1367
67
1390
100
36
1391
1392
9
10
475
459
23
49
1393
36
2
1394
197
229
32
1395
1396
131
1397
67
1398
1399
240
46
316
123
20
276
148
32
496
1400
1401
17
100
39
430
57
272
67
61
51
115
1402
229
197
1020
1403
34
303
197
1237
57
29
30
286
113
450
34
2
39
5
6
301
1404
109
11
213
540
67
1405
428
1406
32
317
109
67
1407
17
1408
30
772
459
1409
566
1410
1411
26
693
1412
1110
2
499
425
489
67
1413
1414
6
319
57
60
51
392
32
1415
1416
17
585
231
500
202
2
51
182
1417
97
6
67
69
6
316
20
17
980
459
44
2
49
1418
6
1372
197
352
2
615
25
197
9
39
32
1419
2
1420
986
100
17
67
1026
147
241
1040
2
499
234
2
1000
319
303
980
459
972
645
1421
209
217
526
17
1422
1104
152
6
231
290
1423
229
197
198
432
1388
197
106
1424
23
1425
197
331
1426
109
67
1427
30
67
1428
790
637
32
274
780
788
2
675
11
1429
17
301
11
1430
1110
2
49
17
295
316
980
459
1431
1432
34
20
54
87
2
908
57
2
114
748
17
404
892
109
11
2
1433
1434
25
67
1435
109
158
1150
489
23
268
67
56
58
1342
67
1150
39
128
30
129
306
2
114
240
1436
1245
557
2
240
1015
6
251
39
32
1437
1438
290
131
67
1439
421
30
32
1252
1440
1441
229
921
1442
1443
32
1444
109
32
1445
1446
1050
383
520
1447
1448
67
1449
101
1450
229
1451
127
6
32
1452
109
1453
229
1454
1455
17
1456
1457
1458
1459
1460
1461
1462
1463
1464
1465
17
1466
1467
1468
1469
1470
17
1471
1472
105
67
1357
15
32
1473
17
1474
1475
39
32
1476
1477
30
1478
1479
1480
67
1481
67
1449
101
1482
229
1092
30
1093
1093
1483
1093
1484
1093
1485
1093
1486
17
1093
1487
640
100
39
44
63
426
1488
82
857
51
1489
234
20
78
200
879
105
1093
179
1490
1491
64
51
501
559
109
128
525
30
67
1150
11
1492
340
955
1493
32
1252
1494
122
229
1495
1496
1497
17
1498
1499
1500
39
1394
378
67
1501
30
32
117
259
1502
6
11
1503
67
1474
1504
1505
35
1506
1507
1508
1509
1510
2
404
32
1511
157
1512
136
26
1474
58
785
265
163
1474
32
538
1513
144
67
1438
1514
67
1515
131
464
105
106
1516
381
1517
1518
6
1519
106
1520
1521
1522
872
30
1523
1524
67
901
1525
39
117
1526
109
67
201
17
484
1527
1528
1529
2
51
1530
14
1431
1531
105
67
1532
1169
1533
109
1534
30
9
1535
1536
123
2
39
1312
378
106
889
1537
874
2
319
459
1538
67
874
2
332
551
51
268
6
204
1189
73
9
286
2
1539
11
421
6
239
32
737
1361
1540
538
312
229
32
1541
538
1542
1543
1544
17
32
1545
1546
30
1547
1548
25
16
322
67
1549
1104
152
2
1550
2
24
766
272
512
32
647
71
1551
1552
874
322
1291
461
67
1026
17
2
428
441
135
6
54
87
9
1553
58
57
20
1
2
1155
30
55
167
16
84
1554
1228
20
1555
128
30
129
1556
773
322
158
170
1557
1558
67
1026
1559
87
73
151
87
114
20
801
229
197
9
1560
1561
332
67
966
30
527
39
32
208
844
157
53
6
1562
288
20
1116
2
499
1563
32
1172
1564
361
11
874
6
151
11
12
64
1070
551
1565
39
1566
1306
67
921
30
1186
2
553
11
421
1567
2
622
625
331
105
197
74
482
2
49
2
220
54
80
23
58
17
2
1568
6
204
1050
1569
157
197
109
26
1570
1571
158
205
303
628
755
20
67
1026
768
1004
1572
16
229
497
1148
538
1573
637
32
1574
994
67
905
874
1111
211
16
269
9
390
459
1575
1004
361
67
1435
17
947
109
67
1576
1577
30
67
1516
1524
316
16
272
23
499
502
270
501
879
11
12
39
32
1578
1579
503
229
257
331
257
1580
1581
1582
109
67
1583
1584
17
32
349
1585
1586
23
39
1257
103
1587
109
190
1588
229
32
1589
1590
1591
25
67
1592
30
32
1593
131
1222
32
1594
1595
1596
2
1597
57
23
51
889
331
32
1598
1279
17
32
1599
1600
4
439
1
2
3
217
32
208
21
25
197
71
2
114
338
57
2
584
611
200
540
229
100
288
20
908
6
319
1104
152
544
35
6
204
1601
378
390
211
16
269
234
994
23
1602
555
785
200
1423
529
153
1603
20
109
67
307
74
209
34
20
319
36
880
67
1026
1604
17
204
304
6
1417
16
32
847
157
9
530
2
870
1605
1606
17
1607
17
220
231
289
6
11
59
1164
11
1608
1165
1104
152
1609
32
1610
1611
17
1612
361
67
1613
30
67
1614
11
12
1615
234
17
2
585
789
32
1616
30
1617
17
1618
1619
1620
234
105
497
10
2
51
1621
11
527
17
1622
212
1623
91
11
12
1624
16
114
32
552
2
499
163
1625
20
23
1070
1626
25
16
87
288
20
898
197
671
39
349
620
6
1627
1628
20
114
1629
209
6
204
57
860
2
51
592
378
1630
39
1631
87
288
20
908
23
499
109
155
1632
766
0
2
276
114
32
552
217
74
20
239
272
217
551
51
558
100
74
290
67
760
335
217
67
744
1633
1634
17
1274
199
551
972
73
100
74
67
921
30
1186
338
6
1635
73
306
17
198
2
220
486
1189
73
11
12
2
49
1636
197
32
1637
128
197
331
1638
17
197
1639
39
1640
229
1641
109
1642
30
197
1643
23
1644
6
67
872
30
1645
1646
1647
157
197
1648
2
147
898
20
983
32
1649
23
49
25
334
17
167
1339
453
109
67
482
6
47
32
317
198
217
74
251
58
151
57
39
67
1419
6
1650
67
1651
6
873
229
151
2
313
514
406
1652
229
20
44
158
496
265
533
229
1653
152
109
1654
1319
1655
2
78
145
100
2
870
1656
23
830
1004
17
1657
20
114
115
1382
622
20
23
24
30
55
2
114
1412
109
201
2
1658
1274
87
32
1649
945
514
115
6
1162
1040
103
565
487
157
103
117
1659
36
2
1141
428
149
17
67
736
2
1141
67
736
2
509
57
2
39
209
17
57
100
39
38
80
2
1660
229
20
34
20
220
416
16
6
8
153
200
290
6
67
484
69
157
67
335
153
62
1603
994
152
157
1661
17
497
1662
4
1199
34
153
200
757
289
6
151
1571
303
1663
1664
2
90
2
870
1665
157
67
1666
30
67
1351
30
1667
520
23
49
217
32
423
1053
1668
36
465
1669
555
785
200
6
1114
38
17
551
46
237
100
290
109
67
307
74
30
1186
2
553
11
421
2
220
416
6
1670
26
736
1671
105
67
1181
30
696
1672
1237
34
20
416
57
1537
1673
28
1308
6
234
71
4
1199
34
153
204
32
208
1674
73
100
34
20
1675
153
1676
20
32
1187
71
2
146
1677
1678
727
1679
438
94
23
667
520
239
199
306
21
6
20
109
67
307
23
49
198
39
67
424
6
1208
67
1680
1681
746
766
2
49
2
1397
500
32
1682
157
20
2
337
290
6
67
1683
109
67
525
17
1684
67
1685
1686
322
11
1687
1688
38
20
86
1
459
2
49
229
74
11
139
1183
139
58
209
71
23
1689
1690
25
67
1691
17
1692
1693
48
67
1694
1591
755
272
167
1695
23
544
295
1696
105
16
197
331
1697
58
9
32
1698
23
1699
30
55
303
756
67
886
197
309
39
559
746
425
272
425
25
74
167
300
57
20
1000
114
338
6
835
1700
197
1701
1591
229
197
1702
109
1269
239
182
1703
36
72
67
675
2
332
2
1000
114
1155
251
441
204
103
879
229
67
1704
17
2
1705
212
157
303
120
510
6
1706
48
67
1273
220
20
239
87
2
908
2
1707
82
113
2
1708
100
48
157
20
155
424
289
123
551
101
1709
74
9
1189
1710
30
1711
17
308
2
971
109
67
456
25
1712
157
1239
930
1682
1412
123
2
1689
100
127
67
1713
1714
25
1715
419
158
1702
220
1034
229
1716
2
1658
509
2
611
200
1717
229
67
901
206
36
2
1397
67
1591
289
6
20
44
32
1718
34
20
416
100
20
46
288
87
20
135
73
100
167
1231
20
239
1
2
870
72
67
10
306
86
4
1719
74
11
1720
746
23
49
295
217
32
423
1053
23
870
1721
2
220
898
23
24
217
1623
1053
57
153
416
6
241
9
17
4
956
428
1722
30
151
152
6
1723
197
2
898
153
300
452
9
289
6
1712
17
301
103
1554
36
2
51
1724
1725
862
103
1554
6
204
5
105
229
2
174
197
2
141
9
157
20
1219
1726
1727
82
1728
2
1729
67
1730
1731
2
332
100
441
200
229
57
1732
17
158
1590
1733
20
136
416
6
1734
1735
1736
1737
23
1738
1739
1740
322
1741
6
1741
135
32
1742
57
1743
32
1744
167
208
23
410
272
167
36
208
2
409
251
39
32
1745
25
67
435
100
39
1746
276
67
1351
204
1747
157
1748
980
459
23
499
30
55
2
276
1110
2
49
58
251
620
6
1372
153
239
489
23
3
109
32
1031
131
39
1749
106
1750
6
1186
261
17
241
32
1751
1752
109
158
421
2
870
23
1753
100
289
6
16
17
241
158
753
6
946
489
23
49
44
23
330
67
435
272
100
39
1244
699
1754
16
44
2
768
127
211
197
200
2
49
25
334
167
11
1057
2
409
2
622
115
1755
17
2
1228
47
32
274
1756
322
198
105
153
7
6
204
32
138
736
1757
17
1758
1759
419
2
114
711
6
204
1760
30
71
425
1761
2
1167
36
288
2
11
12
544
34
20
67
1762
1763
23
1689
127
67
950
17
1764
157
32
975
1765
766
1423
38
23
49
882
16
67
1766
167
157
20
23
959
167
151
1767
322
398
815
17
23
1768
1431
1769
