459
161
254
1770
1771
1772
105
128
30
67
1773
1774
30
163
164
165
166
67
1775
101
1776
1777
109
257
380
17
1778
1779
109
32
1584
1780
6
1781
1782
180
30
995
1783
57
67
1784
39
451
17
1785
67
503
25
67
1786
256
615
44
63
23
51
1787
229
836
322
1788
109
67
1789
30
1790
17
136
51
1791
17
1792
23
39
1793
1794
109
197
1795
746
475
459
23
1796
109
32
1125
1797
874
225
32
1798
892
6
239
20
109
67
1799
1435
32
475
498
1423
115
38
221
1654
523
9
307
1423
51
163
526
2
1800
23
553
197
421
2
1801
11
1752
551
78
114
696
1799
1802
6
1803
46
551
1417
48
157
32
69
1804
17
155
375
376
835
16
262
780
6
452
32
21
25
11
1805
17
295
1417
234
109
123
67
1806
1807
1417
57
109
428
2
1130
1418
23
1808
197
1809
331
461
197
1810
6
531
57
23
1566
17
2
337
1811
14
6
67
1812
30
67
1813
6
80
32
475
459
1814
25
16
1815
322
32
1816
435
11
170
1817
127
6
11
1818
119
30
272
100
39
106
1819
1820
30
67
1821
17
1822
1823
32
1824
30
1825
1826
17
1827
251
101
1516
1828
32
1829
1830
109
32
1831
1349
1832
106
1833
1834
1835
229
1836
1786
1837
109
105
1838
17
1839
17
1840
17
1841
17
32
565
208
1842
1843
1844
1845
1846
1847
1848
1849
25
1850
1851
59
229
32
1852
1853
6
897
84
39
84
109
67
1854
67
256
2
39
476
6
1855
39
1856
391
157
106
1516
1857
131
174
16
57
100
39
1858
1859
30
1860
1861
1862
17
32
1863
168
1473
1474
1864
17
1865
1866
109
1867
17
1535
1868
32
1869
48
67
387
292
16
32
1870
1267
30
67
1871
30
1872
1873
251
39
32
1874
1875
1876
105
67
966
1877
30
67
256
131
1878
475
498
1879
404
441
303
1181
206
276
637
2
1880
128
30
67
1477
30
1881
1882
1853
67
1113
30
67
256
17
32
435
1363
6
1883
32
1884
1885
109
32
1886
1887
766
475
459
1888
114
475
498
1052
109
2
49
17
123
64
296
1889
158
1890
17
452
32
1891
1892
30
696
1893
1894
158
56
23
1539
197
1895
1896
4
1897
719
11
1014
1376
16
1898
261
30
1899
1900
6
20
117
520
986
1900
316
475
498
153
239
234
198
32
975
1901
23
1902
1903
32
1681
109
197
1904
44
63
100
39
32
1652
1905
304
20
416
6
239
9
23
499
67
1681
1878
475
32
1906
498
1907
1908
1909
1910
30
1500
1911
1912
700
30
1913
1911
1912
1851
59
1914
1915
398
815
1916
1917
1918
30
55
2
3
50
115
1919
234
157
155
424
32
1906
498
39
1920
71
303
1921
32
1922
1923
1924
17
1925
1926
312
30
73
1927
229
57
1928
1929
1930
6
1906
1931
1932
131
279
1933
16
73
67
792
208
93
475
498
2
49
1934
17
87
46
2
288
157
67
792
498
553
11
699
481
32
1935
1936
32
1474
17
1738
32
1937
1869
290
497
554
25
1938
1900
84
39
1939
1940
1040
25
32
1941
1942
746
72
11
1943
2
99
2
279
114
197
452
32
1892
30
1944
1945
109
9
170
2
1167
67
1942
266
1946
20
475
498
34
167
74
209
229
20
167
74
209
229
16
64
49
1947
2
332
1245
555
406
114
9
1948
303
109
67
793
2
3
986
1900
58
67
1949
30
1950
17
2
46
1951
425
551
585
237
73
57
2
273
416
197
6
789
67
794
615
44
63
64
39
1952
290
305
64
203
6
530
884
157
1953
415
448
1954
234
9
128
109
67
792
1955
30
1956
1957
1958
17
1959
378
67
10
475
498
2
870
2
300
586
44
2
512
109
57
320
115
892
157
16
221
1654
9
307
167
217
539
198
36
2
481
67
1960
30
1620
48
157
32
1804
17
155
376
157
20
2
332
20
566
135
32
66
30
526
215
20
86
545
229
16
67
1907
1908
615
44
1961
44
63
64
51
592
1962
1963
105
67
1964
71
64
666
1965
38
100
58
198
2
24
44
251
39
32
1745
105
67
435
17
32
1966
1490
1967
106
1968
1969
30
1970
1971
17
376
109
1534
30
475
498
198
20
200
209
1717
17
1372
158
526
2
1073
1972
16
157
26
1973
109
11
1974
17
20
1369
114
100
17
30
55
153
114
986
1900
1417
32
518
1975
30
696
237
6
20
25
792
859
378
1976
1805
445
30
74
34
20
220
140
441
20
531
16
158
828
1977
17
211
986
1900
452
14
67
1978
17
36
105
167
279
1979
6
971
1081
306
109
67
1892
207
100
67
794
1980
17
1729
32
1981
853
1681
518
229
1963
1978
1962
588
17
32
1982
131
441
114
1983
497
1984
1985
105
1411
30
1986
2
1951
475
498
2
24
57
320
51
711
30
424
109
67
334
262
759
6
1987
658
30
11
1988
73
1196
100
58
20
898
415
566
54
73
11
206
64
615
127
401
1989
2
499
32
274
861
64
224
9
58
300
106
1990
1991
425
157
1992
1993
1994
2
147
135
57
334
97
288
20
898
2
203
6
530
11
845
109
91
2
1995
229
696
237
2
499
2
1996
158
1997
6
1992
1993
1998
36
956
2
220
62
54
87
20
979
6
239
16
73
17
20
114
300
392
32
1999
2000
109
1534
30
32
2001
2002
58
57
67
10
1906
1931
1932
2003
497
2004
2005
231
105
498
1177
301
105
229
100
2
1312
4
32
2006
312
17
320
1368
262
759
30
67
424
11
2007
145
6
636
157
300
892
6
452
736
30
11
424
64
1684
32
190
1169
1890
48
30
497
1688
17
2008
100
67
1910
39
499
6
2009
20
475
459
105
2010
30
1623
2011
2012
131
2013
2014
2015
67
2016
163
489
100
39
639
30
129
4
303
25
1960
6
316
20
131
128
2
404
584
2017
6
1972
20
87
20
54
73
2018
560
17
2019
2020
109
67
2021
110
2
830
289
17
112
198
2
301
100
2
49
72
2022
17
57
2023
2024
124
125
1336
6
1726
67
223
109
67
2025
30
398
815
100
74
2026
289
6
32
119
2
51
215
2
39
2027
25
67
68
69
480
93
103
73
67
2018
560
104
2028
127
483
67
1138
125
39
251
123
2
126
127
17
2
668
32
274
2029
73
11
119
91
2
39
2030
2031
34
20
54
87
2
908
72
74
251
58
6
100
475
498
67
1907
1908
392
32
1978
30
2032
109
497
1890
1625
20
117
149
475
459
64
49
163
715
249
204
76
6
897
306
34
11
2033
412
6
530
20
109
2
220
898
11
2033
2034
109
130
303
57
52
30
119
303
109
855
2
112
1383
4
2035
2
78
145
57
36
956
44
2
404
1206
67
792
46
1227
109
11
119
82
297
100
109
67
2036
498
2037
167
303
575
1939
229
2022
82
760
2038
2039
64
49
415
240
316
1186
270
67
255
229
158
119
1332
6
204
57
67
1845
2040
207
800
6
54
57
67
2018
560
58
109
2041
17
57
67
340
700
502
51
163
97
322
197
221
334
2042
220
211
57
267
20
2
49
34
23
39
1404
45
67
2043
2044
241
1835
2045
2046
483
2047
746
498
24
2022
147
319
270
73
2047
1625
20
475
459
520
204
109
2048
229
20
483
17
105
64
1131
117
2049
553
753
1383
196
16
157
67
1806
666
6
986
1900
17
392
32
743
2050
32
2051
497
2052
2053
1040
14
67
1813
986
1900
2054
291
64
39
48
30
2055
295
464
6
16
20
1759
1199
945
23
49
2056
20
51
234
2057
291
20
558
73
2047
755
1228
20
1883
270
2
615
127
25
197
1532
647
438
36
320
392
32
2058
48
30
16
2
2059
20
127
17
14
779
272
67
792
114
115
74
290
67
2060
221
630
92
551
101
2061
303
6
2062
32
97
6
20
251
39
106
1908
892
6
2063
16
123
2
141
500
334
335
2
174
234
555
115
2064
67
2065
229
16
20
174
234
2
39
798
304
755
303
64
2066
1297
109
11
1408
2
174
234
73
696
632
127
109
67
2067
17
292
20
32
518
844
322
2068
1385
30
206
291
480
1193
17
198
20
114
6
47
135
32
2069
229
67
2070
109
67
110
319
87
58
100
320
800
6
114
2071
2072
1199
34
2
54
986
1900
72
116
30
67
255
786
483
57
986
1900
2073
57
39
6
2074
20
157
1388
16
67
2075
123
20
512
109
4
158
1938
17
67
2076
330
36
555
785
675
67
2077
2078
229
16
17
153
2079
20
32
2080
1748
25
696
632
9
39
428
2081
2082
157
2083
36
2
481
67
2084
814
11
660
17
661
2
174
67
2085
2086
57
514
204
289
109
67
307
2
2054
157
1938
25
67
1261
30
67
2087
17
1615
197
1246
361
67
633
1741
2077
17
127
6
67
2088
166
2089
105
6
696
632
100
39
117
2090
179
2091
1534
2092
361
1252
2093
251
39
163
649
17
106
1865
2094
2095
26
2096
577
105
67
2097
17
2098
30
67
2099
67
2100
1534
51
115
392
361
32
647
538
2101
2102
1088
433
755
303
2103
2
332
229
32
2104
2105
17
1840
17
106
1477
30
1093
131
1514
67
1192
459
2048
251
39
32
1252
2106
1435
44
520
17
32
2107
229
32
2108
1477
30
2109
109
67
2110
17
32
1313
617
30
2111
1938
481
483
197
660
17
661
2112
16
32
208
1637
552
17
295
1612
361
67
2113
217
32
208
918
30
2114
17
2115
23
1902
2116
109
2117
1253
1100
251
23
49
198
2
486
785
2
667
25
197
862
6
1938
2
49
2118
6
1938
23
3
199
73
272
320
279
115
2119
6
16
17
20
54
100
2
220
2120
34
28
32
2121
82
32
2122
20
46
279
231
6
16
26
424
28
109
255
17
153
2123
20
127
198
28
109
255
229
67
2124
36
199
73
16
181
20
2125
28
32
208
2126
2
49
2127
157
1938
39
2128
128
30
2129
159
2130
2131
67
839
58
4
109
74
2132
30
32
2133
20
239
2
78
75
6
77
87
50
115
90
91
334
480
167
29
30
135
2134
30
2135
35
764
9
792
286
58
35
128
30
11
2136
23
615
25
16
2137
36
20
220
77
80
20
101
91
480
23
499
23
2138
2139
67
1435
830
14
17
292
16
32
2140
436
276
57
145
20
77
100
39
135
2
174
57
2141
20
17
16
101
209
38
109
9
632
290
2142
17
220
1044
100
2
410
2
1191
1938
63
23
39
44
2143
17
2144
6
1679
2145
17
2146
1140
2
49
2
146
1044
100
2147
23
268
198
57
754
141
57
1530
1180
20
316
16
80
67
873
20
565
101
290
67
2065
20
947
16
127
2068
335
17
2148
67
445
424
50
625
331
105
20
221
20
422
67
170
2068
307
1490
20
310
114
155
2149
6
288
6
67
792
71
167
425
6
87
20
141
6
897
6
2150
