123
67
542
2151
2018
560
39
2152
2153
1047
518
1835
2045
1291
45
67
2154
2155
105
67
995
2156
55
720
30
67
2157
2158
100
39
1064
67
1428
82
67
2159
30
1860
1862
2160
105
305
67
560
67
2161
1577
108
6
204
870
6
706
2019
2162
109
67
110
51
668
67
2163
2164
2
39
109
67
108
109
899
109
67
2165
123
67
2166
2167
17
2
404
67
35
1063
84
46
316
199
17
755
67
560
1612
1164
32
1706
109
67
2168
2169
2170
30
2171
2
51
115
2172
378
340
2040
2173
6
2174
17
2175
105
2176
2177
1161
6
2178
127
67
708
2019
2179
25
2047
109
2043
229
67
2180
2181
2182
2183
542
11
56
378
67
10
58
593
595
2184
2185
2
51
115
2186
2187
217
2188
2189
44
32
2190
30
11
2191
2192
2193
105
67
336
2194
2195
6
2196
2197
378
2198
67
2199
2
39
32
769
2200
17
32
1608
496
30
593
2201
36
2
51
163
255
229
340
2038
109
1290
32
341
2041
109
67
345
30
2202
2
240
174
182
57
2
51
2203
157
719
2204
36
2
39
240
2205
6
67
469
2206
378
131
67
340
2207
167
2208
2209
30
2210
2211
17
1937
2212
36
2
51
32
2213
2214
378
67
469
168
30
2215
17
2216
131
327
32
208
710
100
39
105
67
445
335
109
708
2169
217
551
51
2217
67
2218
30
67
2019
2219
2089
25
2171
57
2220
2221
499
16
6
2222
234
6
67
2165
64
49
57
497
2223
101
6
47
2224
2225
30
67
2226
30
67
2183
542
44
462
44
551
101
1125
30
67
1138
2227
64
2
17
2228
495
2229
2230
2231
2232
101
67
35
1220
2233
84
509
67
133
2234
30
2176
2235
67
561
51
115
2236
2237
2238
2239
57
551
101
2240
109
32
2241
105
2242
67
2183
542
2221
174
16
51
115
2182
378
67
340
2243
6
760
2244
2245
606
2246
378
67
1322
229
2247
67
2183
542
2248
2249
2250
105
32
406
1797
17
2251
974
378
96
2252
71
39
2253
2254
2255
6
2256
32
901
188
64
2257
6
531
16
67
542
277
36
57
2
585
2258
167
1153
2259
17
6
2260
16
105
67
2226
30
167
2261
2262
6
67
340
2263
25
884
32
2264
2175
105
67
901
318
30
2249
2265
64
51
1756
2266
378
2229
2231
6
1883
1186
6
67
2165
17
2257
217
2267
57
551
200
6
2268
497
2269
100
39
2270
44
1605
2271
105
67
2272
229
2273
1058
109
322
67
2274
44
67
2275
2276
322
2277
2278
67
2279
2219
30
67
2280
2281
251
39
32
2282
2283
17
67
560
39
2284
17
2285
44
23
2286
2287
2047
25
32
2288
2289
2290
20
54
595
49
2221
44
67
2291
2292
481
696
1756
17
224
1186
6
67
2165
2
220
135
9
52
30
286
20
908
9
223
2
499
2293
2294
67
10
67
1516
1577
2295
105
497
742
421
2
908
9
2183
542
64
3
2
51
1431
6
288
229
2296
100
17
198
109
32
490
30
275
128
30
1081
177
2297
2019
2298
25
67
1241
276
452
483
229
100
17
2299
100
105
2047
322
106
2300
30
2301
2302
67
2303
58
625
6
81
25
106
2300
30
2304
2302
17
295
383
82
539
1319
2305
2306
276
2307
6
2308
67
2309
2310
2305
2
959
2311
67
340
2221
615
25
16
109
32
2312
2313
10
1625
20
495
64
49
20
114
1530
11
1129
2
39
109
715
44
6
305
6
518
9
2176
109
67
56
30
96
1991
71
198
2
239
2
114
163
2314
239
9
64
887
9
39
32
2315
2316
2317
30
1867
73
67
2318
30
32
2319
2320
105
32
1495
2321
2322
34
2
452
9
1737
595
2221
24
17
2323
100
48
67
542
276
2324
2325
262
2326
82
25
2304
2302
2300
2327
2328
1207
67
262
2326
58
6
835
67
2329
32
2330
30
2331
109
1864
30
2332
2333
25
1797
2300
1409
2334
100
322
2301
2302
1553
57
67
262
2326
2335
91
67
542
2336
67
2337
25
131
100
651
2338
20
47
16
2339
2220
2
111
78
20
897
1164
2340
100
34
100
2151
198
2341
758
2302
1400
67
2342
2221
887
100
441
2343
106
2344
2345
131
585
2346
705
25
2347
17
441
2348
105
67
2349
25
2350
2351
153
452
158
97
157
100
2
49
36
2352
2221
34
67
542
101
6
200
483
198
163
128
585
54
87
51
515
6
67
560
17
67
2353
2
54
67
2354
1197
57
2183
2355
101
2356
428
2357
6
1202
17
36
67
2305
2358
566
204
2359
32
274
736
263
30
134
450
100
2
1111
2360
1004
17
2361
157
497
2362
71
100
39
428
453
2221
292
32
2363
2323
105
67
1737
100
512
2364
17
32
1172
2365
393
39
280
1480
67
2366
30
67
2367
17
67
2368
30
67
2369
354
2228
2370
20
2
544
295
2
768
2371
2372
251
39
32
699
105
11
554
17
32
874
57
2207
102
2373
48
30
100
2
1363
2374
331
6
239
32
2375
2376
109
2377
2378
290
16
11
421
2379
11
1279
2380
2381
17
2382
17
2
972
2383
704
144
67
919
2384
124
2
49
622
623
20
221
2385
756
67
97
87
515
6
67
560
495
125
2185
84
51
115
109
11
2386
109
940
1132
127
229
32
309
123
101
20
516
25
2385
272
64
499
17
756
67
2387
73
67
560
20
77
2
49
57
424
551
532
361
67
2388
229
67
2389
109
2390
71
87
515
6
11
2391
251
39
32
542
319
80
404
2
17
87
482
58
100
2392
251
39
32
2393
30
831
322
2139
67
1435
17
2
464
11
421
2
132
6
204
1483
109
32
2081
1169
2394
109
32
1252
2395
1777
122
229
2396
105
67
165
17
32
2386
30
539
2397
35
741
2398
2399
238
84
615
135
2400
2401
378
67
2402
2313
25
16
125
39
67
35
312
109
2377
1081
611
204
1337
17
87
101
2403
90
109
1241
551
2404
127
2
2405
2221
49
320
115
556
272
2406
128
30
67
2407
2408
20
101
548
2409
549
109
158
533
36
124
532
290
17
126
20
127
34
20
416
6
54
80
20
86
24
1623
28
109
67
122
30
67
68
69
105
2170
2410
166
44
304
44
158
56
58
772
1912
459
17
9
58
1860
2411
1862
272
459
2
2412
755
2
173
509
234
645
520
64
17
2
101
25
2413
327
2414
295
64
532
6
70
17
165
166
215
2
532
6
2415
17
2416
36
551
147
239
149
30
2417
760
217
67
2418
167
32
208
849
272
125
112
71
198
320
51
158
1334
199
73
1623
552
2
553
11
421
779
124
2
2419
316
16
87
515
2
46
452
100
86
20
640
86
551
74
640
58
9
800
6
204
2420
756
67
97
57
2421
2422
48
49
125
38
460
1623
527
17
2423
157
475
459
32
1117
128
459
11
421
2379
2
947
127
17
337
2139
67
1435
6
2424
11
2425
109
67
2426
461
67
122
1491
30
11
2427
2375
2428
438
17
2429
2430
2
2431
32
1454
795
2432
438
229
2433
1157
67
2434
2435
331
625
105
32
2436
2437
2438
131
39
2439
2440
44
2441
378
2442
2443
30
67
52
2046
392
127
109
2444
157
67
706
2400
2445
2
21
135
873
2
1610
520
316
16
9
124
87
515
6
593
595
82
58
57
116
30
67
849
125
464
17
1814
25
16
229
106
828
2446
109
497
340
341
955
595
64
39
25
2385
229
16
198
57
2
898
30
100
32
2429
29
30
933
2066
64
2
273
319
57
2
2447
1624
2
332
64
39
32
1339
1757
29
30
2448
80
58
64
595
746
64
141
1623
2449
334
2450
17
39
871
155
2451
2214
131
481
234
48
30
2048
873
1077
127
2452
82
1901
1164
32
2453
129
398
2454
279
288
319
125
870
20
279
1228
114
32
595
2455
71
20
240
51
32
208
97
6
319
157
67
2121
87
1228
64
516
288
6
20
1219
516
221
50
2456
20
320
279
115
2457
73
234
2046
221
64
141
361
2377
786
483
276
20
17
835
1186
2458
2459
2460
32
40
6
301
32
1429
2461
2
481
11
552
17
2462
100
2463
1196
51
515
6
16
221
67
2183
542
2393
483
2171
9
39
527
17
100
39
2270
36
2
2464
57
9
632
39
873
2465
100
39
74
32
119
109
67
334
903
30
2466
0
124
57
2467
785
198
50
141
6
204
5
272
2406
128
30
67
2400
316
1186
84
23
58
9
424
20
203
6
450
2468
25
158
323
17
2469
82
211
158
85
109
105
67
2470
9
424
2
49
4
5
500
67
521
512
144
322
67
122
17
2471
16
361
32
487
2472
1687
131
2
2473
39
67
2474
2475
30
272
459
251
101
383
1762
624
157
20
489
215
20
101
2027
64
49
84
101
415
322
460
67
445
128
489
39
322
67
2476
6
319
57
2477
441
204
158
61
2478
41
217
74
64
39
67
128
57
51
2479
36
1217
2066
100
489
2
77
20
174
16
57
64
39
2480
6
2481
26
1574
520
198
67
2482
579
64
276
41
67
1428
530
489
39
322
980
459
23
499
34
20
51
422
157
158
500
87
1228
20
316
197
460
2
499
755
87
20
174
16
489
30
55
123
20
512
109
489
2
49
57
20
448
115
109
74
482
71
57
2
441
2483
26
624
637
32
1574
595
2
49
6
212
1177
2376
9
128
48
551
101
2028
127
105
67
560
483
67
2484
1138
17
198
551
250
2485
25
67
68
69
109
398
815
188
2486
109
67
2487
2438
30
272
459
9
113
204
799
221
1059
84
502
516
115
251
441
530
67
2488
44
67
2489
2490
67
2491
2420
82
873
9
58
128
30
129
1199
2492
2493
6
2494
696
2038
11
1419
58
6
1077
109
67
1979
17
1431
2495
2496
44
272
459
84
502
2497
115
1052
6
873
34
551
1075
520
204
135
67
2498
67
2263
1417
370
540
2499
520
301
67
2500
17
1171
105
127
34
551
2501
520
204
1052
14
44
67
1354
319
1819
2502
67
2503
460
2
49
276
20
301
16
67
2161
2504
2348
2505
489
2
13
14
378
67
435
17
2506
540
67
2507
30
2504
2508
44
2509
109
1521
251
2
39
772
1912
2510
459
2511
398
815
188
1860
2512
2513
2413
327
2514
2515
2516
775
70
32
2517
1790
963
986
390
2518
2519
30
398
815
188
2520
2521
837
68
2522
70
964
484
2523
1364
1365
298
299
2524
170
163
164
165
166
2525
0
460
2
49
17
748
67
2348
6
234
295
2
648
2526
11
661
17
1684
48
67
2527
2528
2
592
2526
67
2529
2443
100
39
30
2530
229
2531
109
1730
1002
105
100
17
2532
2533
6
155
2534
131
2
147
1378
6
2535
2536
109
1252
244
17
32
398
2537
1306
398
815
188
17
298
299
2524
36
956
36
208
11
2538
30
853
39
2539
127
2540
2
972
109
11
1213
1688
17
592
32
2541
30
2542
17
73
32
2543
17
32
2544
109
2545
2
2546
32
2547
847
322
67
2548
109
67
2528
17
1753
100
6
67
69
521
9
58
157
20
460
17
32
1755
2142
480
6
20
34
2549
2550
20
622
623
16
74
482
1625
20
117
149
489
4
304
64
49
2551
67
262
894
229
67
2552
2553
30
32
2554
82
2555
2
662
48
6
67
2556
39
679
6
2557
67
188
17
1045
251
101
2558
1719
109
67
170
2559
337
2139
6
67
525
30
505
506
6
11
2560
150
398
815
251
101
274
2561
17
129
101
1045
2562
217
73
262
780
30
2563
892
2
2564
749
1291
30
67
2565
2566
109
67
730
2567
17
337
720
6
1992
2568
44
2
464
14
2569
506
2
1597
103
2570
2571
109
67
1688
30
11
1687
2
2572
17
2573
48
383
2574
2575
1686
229
67
1685
911
105
182
128
39
2576
157
1
17
67
760
157
151
9
2577
32
398
2578
32
2579
2
2580
32
2581
157
67
1202
30
128
30
67
2582
109
67
2583
17
2584
11
250
67
128
2585
157
2586
566
204
2
1155
11
12
2587
32
1920
538
973
1730
1731
67
29
30
286
20
835
158
2588
2589
105
2590
482
67
128
2585
151
1505
32
2591
30
67
52
74
428
2592
871
6
32
503
157
26
208
2593
282
2
553
11
421
2594
151
566
204
23
39
403
303
11
12
17
67
2504
2348
51
303
400
26
2595
2596
82
2597
2598
6
272
459
17
20
220
835
1269
6
158
2599
2600
82
158
2601
551
78
114
272
2602
483
497
398
134
378
2603
483
2604
1730
105
497
2605
12
17
1269
105
67
760
408
2
338
36
2
2606
67
2607
105
67
1686
17
748
6
2608
109
424
6
675
67
2609
964
2610
38
2
2611
6
32
1797
2612
1491
30
67
2400
2613
67
398
815
2614
229
167
2615
2616
30
74
57
51
515
6
67
454
2040
221
2617
2
39
2618
620
6
2619
212
378
1298
32
673
30
1859
109
456
6
2620
67
2621
30
104
2622
378
2623
1562
2
2505
441
303
54
378
1335
2
2624
11
438
109
57
2625
2626
229
167
2615
2616
30
74
57
51
516
515
2627
67
2628
2629
44
2
2630
371
67
69
88
17
1228
303
2030
2631
322
167
2632
2633
30
67
2634
17
67
2635
291
2
39
109
67
2636
2637
461
67
2638
2639
67
455
39
2570
2640
71
2
39
76
6
250
32
1935
956
1004
80
274
2641
585
239
11
438
2
338
57
11
2642
51
115
393
123
67
2643
105
2644
11
2645
24
239
28
303
2646
67
69
88
1412
475
459
1369
2
316
475
2647
303
6
637
157
20
157
2648
2649
220
316
234
32
286
1888
2
2419
4
2650
801
2651
496
30
628
39
300
2652
109
67
2653
2
220
416
6
204
510
64
1801
2654
17
668
105
2
39
2655
620
6
2656
298
299
1164
760
2657
17
337
682
67
2658
2659
291
2
2660
32
2661
46
20
89
16
48
6
11
632
2
499
67
2662
304
475
459
476
6
64
3
2663
6
1381
158
2664
14
38
2
666
2665
4
428
1199
534
6
89
500
141
26
760
2641
35
32
490
30
1375
322
67
2666
632
64
49
71
551
46
2299
20
445
17
211
182
483
2667
34
28
2668
1797
873
163
2
2405
9
58
32
2364
2669
231
445
2670
20
46
89
16
105
6
1364
1365
217
320
422
182
25
67
2671
1245
2672
301
109
255
34
415
101
2673
67
2662
615
1961
17
406
2674
622
280
30
26
2675
2676
1375
109
1081
2677
221
2678
39
32
2679
64
49
2
2680
361
67
2565
2139
67
406
2681
2682
17
427
2683
30
383
2684
449
84
1796
1434
25
16
17
295
2685
32
2686
30
67
976
2687
30
2688
2
972
406
2689
229
212
2
132
6
114
2690
25
793
128
2691
2692
109
67
2693
2694
30
11
2695
2696
198
157
11
445
2697
229
67
408
1562
2
51
963
580
1654
263
2698
2699
6
67
2504
2348
1234
23
441
2700
57
251
39
103
2701
879
229
197
1066
91
2
51
115
262
780
25
1364
1365
755
2
273
54
80
67
2702
39
211
2703
197
433
17
87
1000
2
530
67
1362
84
881
67
435
2704
551
51
32
1362
