217
32
647
1346
109
67
55
30
131
11
12
1878
67
2504
693
109
67
398
815
2705
17
2
67
206
693
109
67
398
815
1294
2
2706
212
17
748
6
11
433
426
2113
39
2707
229
74
67
1096
428
17
251
39
106
2708
2314
30
2709
322
67
2710
2711
2712
2713
6
67
2714
2715
1516
2716
2717
2
65
48
67
912
17
592
57
11
913
914
915
290
916
917
208
918
30
100
144
67
919
746
520
32
274
721
30
2718
127
2719
441
452
2120
30
57
32
2270
2720
17
32
2721
2722
392
16
486
32
538
736
2723
17
2
2680
2724
361
426
1431
2725
2443
86
20
2726
67
1654
523
880
390
567
322
197
433
163
2597
1084
2
2061
197
1603
67
170
276
20
17
316
182
4
2650
1047
67
1107
17
146
204
109
788
2727
202
9
132
135
32
208
40
6
288
155
2728
67
1139
51
2729
2730
67
2731
2
2732
114
510
221
2
51
623
2733
30
1029
2734
135
1364
1365
109
32
2735
30
22
2736
2737
2738
251
39
67
2739
2740
641
229
257
2741
1400
2742
2743
2744
1516
2745
17
67
2746
1477
30
1929
2545
105
67
2747
1349
2748
67
2749
292
32
2750
30
2751
2752
229
67
2753
136
2754
378
2755
251
39
67
2739
2756
2757
229
32
2758
2759
2760
383
82
539
2761
1659
2762
378
2761
2213
2763
2764
251
39
67
469
1477
30
2765
575
1840
1252
2766
17
2767
2768
229
2769
30
2770
2771
17
32
2772
2773
1438
30
55
20
463
67
2757
378
383
2052
14
322
67
1534
1614
17
251
39
32
2774
2775
6
11
1150
17
304
44
1803
17
2007
251
39
32
2776
1105
2702
2
1330
105
11
661
17
660
17
1575
48
540
32
2777
387
131
1724
322
67
2757
6
67
2739
2778
2779
2780
251
101
2781
2782
2783
157
32
345
2784
17
109
67
2785
39
32
2786
538
2787
2788
9
51
106
2789
373
17
67
2790
290
67
2791
25
67
632
80
1193
1000
204
17
32
2787
1824
966
1491
30
67
576
157
921
1859
74
67
10
144
67
278
30
67
2156
39
1001
109
704
2792
2793
67
873
229
100
11
2794
105
9
2795
30
67
459
2796
2
2797
305
2
2798
6
1708
2795
229
32
2799
1312
378
1342
746
475
459
23
567
322
67
2800
387
109
518
2801
30
197
2802
2259
44
2803
2159
2804
1362
25
2805
2806
67
312
322
67
1413
58
38
229
60
80
1369
2
316
234
6
452
67
61
2
2807
289
2808
39
136
32
2809
109
67
2219
17
2
565
2490
11
2810
229
184
745
2811
592
32
2812
538
312
84
2813
30
2814
17
2815
520
489
475
459
64
2816
67
179
2817
25
16
57
61
30
1231
51
32
1385
530
32
2818
1385
530
332
64
39
32
2819
2820
65
402
2821
2822
2782
2823
2824
163
2825
295
92
93
64
300
786
14
17
532
6
533
17
2
332
11
146
475
459
486
1217
71
64
126
127
664
44
134
17
2204
44
2826
17
544
2827
105
36
57
2
409
64
1015
6
231
500
6
497
2828
1423
32
2829
2830
475
459
117
2830
2
566
319
71
873
301
520
2831
38
265
25
11
632
17
153
2832
109
1629
760
482
6
241
242
30
234
240
1228
239
270
135
67
1416
57
61
392
109
74
11
2511
275
198
73
497
2833
2
2054
291
64
51
6
618
32
1429
17
392
2834
6
2835
234
105
497
1605
2836
2
273
114
42
60
157
32
1319
2536
2
49
1177
301
234
48
30
158
88
17
127
109
11
433
2
870
1423
115
135
32
2837
30
67
1929
17
32
1616
30
2081
2838
2839
1312
16
1615
378
2840
1768
30
32
704
2438
2841
277
2842
144
2526
32
1252
2843
2844
251
49
67
2482
64
2622
158
874
231
105
60
153
2845
20
1423
1339
2830
475
459
71
873
301
2363
1326
34
20
2846
234
209
67
2482
2847
48
67
1534
435
17
748
2187
2848
32
2849
2850
2851
995
2852
105
32
2853
1169
2854
60
1228
303
21
117
2830
6
16
71
50
279
115
1722
30
2855
17
2
2856
57
2857
6
2858
566
2859
109
11
1648
208
61
2
2860
958
179
2861
67
958
179
2861
292
32
1797
71
2862
2863
17
2864
157
16
229
2865
2866
2867
67
2482
461
234
135
32
2868
461
32
2869
2870
2
2871
361
67
1150
17
2872
67
435
215
60
1657
1070
17
2873
105
67
956
1741
30
11
2874
316
20
87
1026
2
567
540
67
2875
452
234
432
17
971
234
109
11
1435
167
67
128
6
67
209
25
67
421
30
67
1401
1423
300
2876
2877
234
109
17
44
462
44
1423
2878
14
153
47
234
2879
215
9
406
2880
2881
39
104
971
361
1525
2
13
14
17
332
100
290
2882
272
51
115
67
52
30
312
2883
2884
61
65
6
2885
497
2886
48
57
39
2887
221
322
87
2
2564
30
234
25
2514
64
51
34
270
115
35
428
2888
2
2054
48
67
2476
2889
2175
17
2890
17
295
1763
67
2891
157
67
1362
1110
2
49
276
20
145
67
1026
229
497
660
17
661
17
295
452
60
32
2892
30
2082
67
958
179
2893
51
32
2894
424
67
2482
2895
17
2
1764
215
67
1362
532
432
295
251
39
32
2896
67
2897
30
2898
2770
17
67
393
30
32
435
104
2872
2
2899
127
67
2052
6
250
1110
2900
17
2901
386
763
25
67
2902
2903
30
32
1589
2770
2892
17
32
2904
2905
30
2082
105
67
2906
2907
2627
11
433
67
435
30
11
1270
1435
2393
1281
17
1
1343
229
32
559
87
105
891
167
57
61
489
1292
1342
123
2
2908
229
67
2892
30
2082
135
20
49
251
64
39
2909
2910
1114
135
32
2305
2911
17
87
2
1699
17
64
39
1257
158
1100
489
23
2912
2913
2914
390
2915
67
97
2
292
32
2916
309
64
2465
2917
57
64
207
2918
6
2919
105
67
1655
1110
17
310
114
2573
11
1100
127
251
6
2919
105
2920
2
211
234
127
105
67
2921
2
279
47
234
2919
105
155
30
11
745
746
1342
49
1658
2922
58
57
100
100
39
300
57
100
615
29
30
2923
6
239
497
2682
109
67
2924
1213
520
220
267
73
100
198
1342
11
12
24
751
4
303
1961
100
292
20
32
294
1423
2597
32
1128
61
153
200
109
17
239
57
1423
2879
231
105
272
1177
452
32
21
25
234
756
67
886
23
870
2293
32
2925
2926
109
11
2927
425
149
2
2928
167
35
57
64
2929
157
11
2886
123
64
141
2526
67
435
1265
23
3
109
67
1784
671
30
32
408
84
419
785
17
84
109
26
1864
2930
197
1066
303
6
204
2035
30
32
2604
2931
995
2852
20
54
60
279
2932
497
2933
105
158
2934
17
2935
158
438
1629
307
44
20
1954
234
11
2936
831
39
32
81
30
2937
30
55
57
39
100
2
268
17
1039
115
1040
322
1186
36
423
57
64
39
2938
231
105
1177
239
34
551
78
47
67
958
2939
2879
71
2
211
197
1246
67
10
67
958
2939
39
2909
2940
105
11
136
2941
1114
67
2942
2943
1159
1100
131
2
51
2944
25
1346
101
2128
2383
2945
144
167
2946
2438
67
661
39
2139
67
2858
2934
17
261
30
167
2947
101
2948
540
128
30
67
2949
251
60
958
179
2861
2950
1
109
32
874
131
441
114
2951
2952
322
184
2953
60
292
32
2954
2366
17
497
2955
2956
67
2957
135
106
2958
2959
2139
67
289
30
2960
2961
11
12
2962
67
2858
421
17
60
2963
2964
25
197
23
2965
2966
234
322
2967
67
1100
17
1280
182
127
109
67
2968
44
23
464
2969
67
1114
64
2871
6
67
2907
2970
127
971
261
2933
105
197
2934
17
2971
197
438
2972
1388
538
2973
17
2974
958
179
2861
958
179
60
23
2975
39
64
476
6
301
500
322
67
2282
179
2976
251
17
23
2977
497
951
231
105
198
60
23
24
736
2978
319
208
307
6
158
1351
67
860
39
32
1992
2979
30
32
2863
17
67
2980
30
32
2981
30
1495
1589
2982
109
11
1427
60
23
1111
44
67
2939
2963
2983
319
208
307
6
67
1351
64
2984
6
67
2907
229
67
2985
30
32
2986
1444
17
2987
16
2988
951
289
1580
2989
17
2866
109
2990
60
1679
796
39
2963
2991
71
67
61
2864
25
16
17
2
1255
51
424
6
1385
67
435
109
167
438
32
274
780
1901
390
2992
386
2993
50
240
2456
234
6
2994
135
9
23
49
2
220
135
100
167
279
115
20
64
39
36
1722
30
17
64
1255
2995
16
198
64
1332
74
2996
217
20
422
64
2878
209
14
17
512
289
17
2971
11
438
74
290
1383
87
288
20
1180
58
879
229
234
46
100
204
2997
2
553
11
421
64
266
804
135
2997
2
49
1423
51
32
1217
200
30
2479
17
58
2465
2998
322
294
2855
288
301
294
20
54
2
77
109
2999
25
70
415
174
1186
73
32
117
3000
2413
3001
61
131
39
3002
361
518
3003
378
67
3004
57
58
415
1684
32
3005
3006
2139
67
2907
378
32
3007
1882
109
32
420
1306
67
3008
67
61
580
51
3009
3010
123
64
2431
32
3006
3011
378
277
71
87
46
551
288
23
499
1177
1417
234
289
6
67
1413
291
1423
3012
3013
322
87
1104
3014
3015
322
87
3015
49
1039
768
3016
127
25
67
1413
17
3017
2482
57
3018
60
441
204
785
483
25
500
71
551
78
114
234
5
157
20
1629
424
20
1202
158
1435
295
2
146
1202
100
153
533
109
67
589
2
870
1692
3019
23
3020
6
935
3021
20
566
452
234
1623
2892
30
3022
74
209
229
3023
3024
67
398
815
1294
105
67
3025
32
1199
208
1202
157
638
1889
48
11
745
17
306
64
1332
6
114
645
32
3026
157
20
17
520
300
1381
234
251
6
898
306
290
378
3027
199
73
497
1806
23
499
3028
64
114
32
1907
3029
163
153
211
234
200
2862
157
32
482
82
36
36
423
44
64
502
711
30
2082
100
146
440
234
295
123
1423
2830
620
36
44
303
6
204
2357
153
1889
234
155
177
3030
17
722
3031
17
873
782
6
1183
16
67
1979
10
378
67
3032
3033
23
615
25
16
19
20
288
21
3034
23
49
320
51
32
294
428
448
2
785
530
67
1026
2
553
11
421
163
736
1337
1888
4
48
30
1154
2
409
17
74
9
3035
995
3036
58
896
105
67
3037
153
200
14
17
3038
212
32
3039
20
566
339
16
123
320
1384
11
306
432
754
141
6
237
290
32
195
30
306
123
2
3040
3041
6
1301
14
109
11
1150
229
32
1637
552
2
972
3042
2993
17
3043
127
354
67
165
251
585
204
163
1313
715
73
3044
61
509
60
509
57
2
39
106
3045
57
67
133
272
459
163
1207
3046
57
32
3047
39
2486
109
497
2438
17
745
67
2914
3048
30
32
61
51
1724
234
6
67
839
123
62
426
12
51
115
3049
9
39
32
398
3050
109
67
1405
2
611
1951
67
1351
30
67
2696
3051
229
96
3052
6
239
305
593
595
441
47
100
82
441
204
3053
109
67
445
3054
30
128
286
2
39
2925
3055
2
585
3056
155
52
30
1608
3057
229
60
1411
441
3058
144
16
157
67
975
390
1228
303
715
57
2
39
197
1066
11
3059
51
1599
197
71
23
51
1817
229
272
36
423
57
100
39
3060
57
23
163
1207
3061
1597
234
151
152
441
204
736
3062
39
32
408
3063
17
23
51
115
3064
48
30
106
3065
23
51
1629
3066
157
3067
48
82
62
157
3068
67
839
71
2
51
871
212
32
208
3069
6
241
197
25
547
3070
23
611
3071
197
10
361
11
2521
2
441
316
11
170
1988
6
241
197
1040
322
16
17
23
611
204
36
3072
44
6
3073
3074
361
11
500
34
2
585
3075
60
17
457
151
2
51
32
259
40
30
1290
1040
229
100
3076
508
489
100
39
1342
766
1110
980
152
58
289
489
23
412
6
239
20
316
197
2
404
303
25
500
2
3
109
32
1125
2827
671
17
57
2
240
276
204
25
500
6
197
746
766
20
276
100
39
67
1211
23
39
1257
32
423
3077
661
17
2827
32
572
1865
3078
135
100
82
303
272
551
86
5
6
114
32
3079
23
464
6
67
798
1362
17
220
20
7
3080
67
865
1342
23
870
82
67
445
286
20
276
789
58
9
3078
5
2832
25
475
772
459
30
398
815
188
17
298
299
72
74
209
1110
2
870
220
530
67
865
316
980
459
57
4
2006
980
152
17
2
979
6
114
32
1893
