44
67
435
6
67
1435
2872
2972
461
1342
980
152
94
3081
67
1865
105
67
3082
1306
1186
17
3083
289
197
3077
661
23
39
106
3084
538
1978
34
20
135
3085
1262
3086
17
1626
540
17
540
3087
2
768
6
2656
157
67
3088
71
39
659
378
197
309
452
100
378
74
1553
23
49
167
303
3089
2
35
474
100
157
67
1362
316
16
272
114
20
141
197
105
158
3090
428
67
1362
392
82
3091
44
415
1309
6
319
151
2
49
751
2
174
20
2802
9
307
57
551
101
540
225
425
736
6
204
49
73
100
167
1621
801
3092
3093
520
57
3094
23
112
1383
17
615
25
16
19
109
1642
30
212
2
544
1344
3095
25
67
3096
30
11
422
3097
32
3098
30
628
123
1617
131
502
279
1551
11
333
251
151
49
3040
72
100
197
874
51
32
1855
30
3099
229
32
2048
30
3100
3101
57
2
592
3102
520
114
20
270
6
319
2
499
114
20
270
6
319
50
1045
49
100
151
177
44
20
86
17
3103
44
20
86
101
3104
127
100
146
81
17
551
261
54
100
36
755
303
3105
753
17
3106
85
23
481
11
3107
699
109
967
71
1491
30
3108
100
3109
100
1776
117
3110
23
1796
320
62
141
57
538
3111
25
67
2179
30
158
3112
30
55
2
114
167
115
251
221
3113
117
117
3110
272
23
887
71
100
146
288
11
272
557
20
239
20
2310
11
272
25
74
28
32
3100
3047
50
311
2
224
4
1336
6
204
3114
1757
2594
1015
272
6
204
3114
1757
23
3115
1059
64
39
149
3116
44
64
3117
178
1134
3118
44
157
20
2594
20
86
4
105
6
158
3119
20
2310
772
459
17
20
54
100
2
971
155
704
3120
361
11
3121
199
1228
20
516
409
980
152
23
112
3122
2471
3074
6
32
1474
17
830
1004
215
2
3123
100
36
57
2
585
303
145
3124
2081
361
67
3125
1592
30
197
3126
2769
30
306
109
67
445
632
20
530
16
151
123
101
2703
1491
30
3127
44
20
279
1309
6
288
2
2572
1767
20
3127
123
2
392
127
11
140
2
544
2118
6
20
3128
23
1624
295
20
2207
1344
25
158
3097
44
63
20
101
3129
32
3130
215
2
39
3131
20
272
240
1228
57
123
64
39
109
32
894
64
279
648
109
497
1688
17
3132
497
317
82
44
32
3133
3134
3135
497
2542
220
3136
11
3137
378
11
3138
2
2405
4
303
2650
520
17
50
51
32
29
30
3139
294
272
240
49
3139
109
497
134
958
3005
23
959
64
147
54
87
100
3140
163
2
220
54
87
158
3119
58
71
4
105
6
20
17
101
5
6
204
133
3141
322
198
105
82
82
87
67
865
23
959
3142
452
32
2615
2616
30
3143
109
9
1181
198
4
1240
6
204
3144
272
39
32
2121
84
51
100
31
6
234
2
409
2
39
3145
234
157
32
1739
1187
17
1230
539
568
2536
58
32
195
30
571
62
109
1081
275
17
100
441
114
115
177
6
114
115
963
6
100
71
167
62
3146
9
10
2
409
67
3147
39
2325
2656
2
1622
212
1623
552
114
155
2
499
17
755
303
756
1231
58
628
17
551
261
148
100
755
1228
20
319
100
39
3146
9
10
980
152
2
1800
151
6
20
272
167
557
198
2
220
114
6
1677
20
17
2
136
114
32
3148
6
67
459
186
36
20
86
5
109
157
1293
2
959
1180
2
3149
6
1187
1
17
1677
20
217
74
2
136
585
32
503
502
197
3150
23
1796
303
57
514
140
120
1334
229
20
3151
2
898
514
785
530
20
71
32
12
78
835
3152
354
197
1066
17
2
898
514
406
135
6
204
76
6
835
3152
34
474
869
32
1066
502
428
222
3153
6
145
67
3154
251
86
3155
109
3156
17
3157
3158
301
465
127
109
67
2113
3159
17
251
58
279
67
2710
3160
163
221
320
3041
6
301
3161
30
67
760
272
3162
2
898
153
241
32
442
3163
17
11
2045
44
423
44
20
47
100
3164
11
215
1180
2
146
1208
2
1222
295
153
200
6
67
865
82
67
3165
800
6
675
3166
2310
3167
316
182
87
2
54
2
947
127
9
441
204
3168
265
2
51
2480
1140
151
2
49
200
209
1717
225
67
1762
20
46
1202
100
6
530
67
2470
3169
157
74
2
2120
239
87
1084
20
114
229
158
790
123
11
12
58
38
6
3170
57
4
272
459
197
438
3171
17
197
331
3172
1071
1
428
23
499
295
28
261
109
100
101
261
109
87
67
435
1363
17
390
459
947
109
67
3173
151
152
615
3174
17
23
3087
1684
197
3077
289
290
197
2934
425
1
23
49
25
334
2
39
3175
620
6
1167
57
34
2
512
289
17
51
32
237
2703
229
272
551
585
3176
127
80
551
422
483
1423
115
3016
36
2383
57
64
266
75
135
3027
25
74
17
36
86
20
72
87
2
3140
378
102
57
20
101
261
109
100
151
11
12
49
751
11
1066
174
20
6
8
48
30
9
3177
167
11
500
3178
198
2
250
20
38
1888
200
82
153
530
67
865
67
383
413
3179
3180
1740
131
1222
57
415
101
261
1793
3181
67
2048
30
3182
57
51
231
361
184
3183
3184
163
167
11
1057
157
821
197
109
2
49
23
1052
109
97
378
1110
20
908
1342
57
23
441
135
6
239
16
2
268
6
288
36
36
20
78
1120
197
551
558
306
290
17
338
57
167
74
3185
274
3186
30
3187
71
72
74
17
303
3164
3188
383
3189
157
207
57
36
980
152
151
553
197
421
163
272
100
58
303
36
1
2
512
38
229
57
3088
100
2066
3089
71
67
626
424
100
276
204
2
392
1342
82
1196
197
56
58
531
16
109
17
2
174
197
2
441
3190
272
34
23
292
67
3191
295
2
174
234
87
2
54
73
234
17
87
58
57
11
12
499
57
64
58
303
272
25
74
151
1333
57
64
58
106
3192
57
64
17
1245
20
51
801
1040
229
958
179
272
2
174
234
57
2
273
316
497
2470
34
64
2580
16
6
241
3193
17
64
174
16
6
530
67
865
11
12
532
290
6
197
17
481
197
699
958
3194
151
23
1796
755
220
20
200
1040
17
114
32
208
278
320
141
946
74
1142
127
157
32
2339
3195
30
55
167
272
4
963
6
234
17
2
203
6
54
11
159
1066
3028
2
320
584
141
213
14
17
74
229
3196
17
3197
755
220
20
211
994
1417
20
157
32
274
721
6
67
336
3198
157
3199
17
32
208
278
151
3200
11
1270
699
1040
109
760
1179
20
898
4
3201
23
1070
163
71
2
288
898
28
3202
9
58
272
4
1
17
28
151
152
754
74
115
821
2485
301
3203
17
9
223
58
32
3204
105
3205
220
267
994
46
2123
100
157
20
645
3206
17
3207
261
276
204
476
6
145
636
157
100
34
28
1126
73
67
571
217
74
390
870
3208
67
901
286
58
1339
149
30
32
1929
1198
207
100
1177
241
100
57
10
980
152
648
290
17
3209
67
3088
322
67
3082
74
209
390
459
3210
23
1707
34
72
67
10
28
5
6
1208
100
153
1208
428
220
267
73
11
140
2602
3211
73
67
1516
121
77
109
9
1181
415
3212
413
84
1016
184
1711
1
2054
291
67
435
330
461
67
1337
12
295
23
464
6
16
229
32
1080
1600
30
3213
958
312
23
24
20
114
141
946
361
32
1217
1241
622
20
2
666
100
147
75
135
128
215
2
39
1290
361
100
2
49
167
35
198
123
4
1336
6
301
306
1132
48
57
100
1332
36
976
1177
239
23
887
199
222
413
58
100
320
115
1336
6
241
1040
322
2417
760
225
212
30
55
71
308
220
2859
26
736
288
415
17
225
151
152
17
1342
17
251
39
57
1885
3214
551
3215
25
3216
3217
334
345
17
58
100
128
82
383
449
25
67
170
38
39
80
2
585
2317
229
518
3218
2
3219
57
50
303
115
3220
229
26
30
67
170
449
2
49
2
54
1
268
3221
20
279
1309
6
316
16
57
100
39
3222
1217
157
206
6
1208
229
67
145
71
217
2
2431
67
10
20
532
157
1342
2
338
57
251
101
3223
6
1629
3224
1059
109
67
170
2
3225
2
3219
100
295
1245
100
39
67
170
626
435
3226
20
2400
114
106
3227
3228
157
814
105
2417
561
3229
100
6
206
3230
157
1290
1973
73
2417
561
3231
2
54
50
280
67
56
1900
400
3162
109
158
3232
67
56
1553
1021
425
6
16
2
2405
34
100
276
47
20
26
3233
153
1883
6
32
574
413
71
4
540
229
74
57
3234
322
198
105
4
5
6
204
32
3235
312
390
3236
16
229
106
2219
30
3237
441
20
140
1388
16
32
552
30
3238
23
499
50
103
6
319
6
20
17
4
2035
20
146
135
100
2
532
6
67
1494
122
17
1622
197
32
3239
30
3240
38
20
86
14
67
3241
17
198
87
58
100
20
416
6
316
16
1227
16
272
23
49
167
303
575
157
16
71
514
785
319
100
1219
2
78
241
105
3242
100
84
86
20
756
57
84
86
20
23
3225
20
21
135
11
1066
71
20
220
237
135
234
497
745
3243
20
71
151
152
58
645
3244
2310
272
459
199
1228
20
409
220
898
153
835
20
1040
23
887
2
146
557
20
113
114
51
32
3245
1944
2593
157
90
1196
20
114
801
20
75
6
204
109
2081
255
30
155
52
3246
135
6
145
20
34
2
46
220
898
4
896
105
11
1066
167
115
263
221
3247
20
54
2
963
234
157
497
571
17
2
136
220
54
755
64
963
16
766
2
288
71
50
240
1191
6
1883
100
1039
392
32
195
30
571
109
67
817
17
51
3248
9
59
64
474
32
12
67
10
64
474
106
399
32
1494
122
32
3249
32
3250
995
2852
17
32
3251
109
67
68
69
2
39
3252
25
32
1315
131
64
3253
72
74
251
58
6
696
790
958
1
2
3254
101
261
42
2
409
163
4
303
272
71
2
220
54
84
1554
2
585
3255
204
20
239
3256
265
758
759
2698
2
39
32
2184
105
32
1577
108
109
67
2021
110
17
390
2988
3257
197
699
322
628
746
23
2412
3258
746
272
958
179
3259
153
452
2120
30
20
17
239
57
20
301
290
9
637
153
530
67
1026
209
1040
67
336
3260
32
117
177
632
17
2
46
231
290
1629
3261
6
2
553
11
421
249
288
425
30
67
52
11
880
2
1111
163
1026
46
145
16
105
9
128
869
2
870
199
288
20
54
57
2
2066
3262
91
17
114
300
231
6
11
3263
197
331
101
3264
74
209
880
23
268
2
135
20
785
9
10
1219
