319
179
312
87
515
6
158
699
252
161
258
257
17
3265
71
117
1922
17
229
32
3266
3267
105
497
1773
3268
39
11
3269
64
13
2139
67
3270
256
109
11
165
166
170
215
1938
1900
1875
3271
109
67
3272
170
3273
3274
2
3275
67
1649
286
1330
17
91
2
509
100
2
392
32
3276
157
100
2655
100
147
200
2081
3277
67
1148
3278
17
67
1078
588
288
20
898
20
46
301
11
577
2217
540
67
83
82
1000
2
3279
272
3280
459
497
3281
161
3282
135
32
3183
3283
520
301
620
3284
6
158
3285
3286
6
47
100
3287
64
924
198
87
320
141
6
288
58
6
2553
179
3288
3289
361
67
3290
3291
17
452
32
3292
25
197
3293
3294
50
1397
67
657
229
16
44
20
54
23
2405
57
20
1140
67
918
2
650
25
67
1875
657
9
2073
3295
1339
208
6
16
252
2
49
3296
3297
442
44
67
884
3298
3299
58
973
17
3300
203
6
288
74
209
229
9
398
3301
2073
1104
152
39
1147
229
1148
1149
127
17
14
11
1150
64
615
741
736
1151
265
67
482
91
17
132
6
204
109
1152
1153
1154
2
1155
25
67
1156
1157
11
1158
190
1159
1101
1102
17
1160
11
293
1161
6
1162
234
1163
48
30
67
59
157
120
231
1164
11
1165
17
199
11
3302
268
1490
87
32
3303
2073
135
57
58
3304
265
3305
2866
105
67
1281
817
229
1385
6
32
568
864
6
1077
290
551
203
6
288
1339
520
105
9
862
87
101
1298
157
197
161
668
16
32
846
30
750
67
3290
3291
64
49
3306
20
1676
3085
551
1000
267
163
571
289
157
1654
263
3307
3308
67
846
39
3309
6
32
3310
3311
1218
239
38
2
3312
48
1081
1649
3313
3314
3315
32
3316
157
67
445
262
263
17
295
2602
360
127
67
3317
1383
17
260
3318
72
100
272
67
3290
3291
161
268
415
636
3319
32
3316
34
20
1670
182
71
34
20
7
6
3320
182
2325
262
263
67
3321
1553
20
35
301
73
3322
105
158
571
173
32
3323
502
971
20
2233
9
3324
64
78
3325
3326
20
6
301
48
84
3327
127
57
3328
746
32
490
30
3329
3330
551
1052
14
6
145
67
3311
1726
67
223
167
32
2826
167
3331
6
3332
109
3333
67
3334
1785
44
873
17
20
301
100
74
289
34
20
637
423
620
71
87
34
67
179
503
3335
2325
67
626
262
263
146
67
3336
204
3337
199
276
67
3338
486
123
415
114
6
452
32
2134
30
3339
72
184
267
272
161
3312
48
74
551
114
6
288
58
576
67
3340
17
1653
3289
1032
73
3341
32
3316
157
67
278
30
197
134
1491
30
67
3342
32
3316
1571
1290
48
30
197
1682
3294
198
304
272
101
303
109
206
157
696
3343
3344
86
3345
17
986
3289
58
976
625
105
3346
684
551
452
290
197
1682
3347
17
452
696
3348
105
67
817
34
3349
3350
101
109
32
1173
6
3351
1326
23
207
23
35
1032
6
201
2204
32
3316
173
1306
122
2189
17
423
3352
17
295
626
424
322
3353
366
6
423
3352
231
105
272
297
158
385
105
1081
3340
17
153
269
67
3354
2
553
11
421
514
135
6
898
9
290
2
49
34
2
39
106
179
408
17
2480
35
262
82
1654
736
263
30
134
514
204
3355
34
514
3356
212
14
6
1081
3357
3358
100
1768
1140
6
204
3331
71
2
898
514
297
6
67
3359
3360
17
1175
3334
17
301
32
213
157
11
571
316
20
87
252
20
1603
17
316
197
514
135
6
114
32
237
229
197
91
23
3361
127
197
140
161
3362
289
497
121
17
3236
16
2989
153
204
1199
34
2
276
9
58
32
2826
17
3363
209
58
3164
3364
6
67
1784
20
558
197
361
100
17
198
34
28
1290
2270
2302
20
46
237
197
48
30
100
74
2
54
58
57
320
501
2118
551
2310
36
896
127
57
551
114
6
3328
179
180
3328
11
955
756
879
73
3341
32
3316
3365
378
158
2960
3366
3256
806
807
2
3367
234
746
3368
520
167
73
3369
32
3316
3256
265
1571
1290
198
34
23
3370
48
17
3371
109
106
3372
23
585
301
73
3373
32
3316
3374
163
2
220
416
6
3375
197
361
9
295
320
1371
199
551
392
696
3376
109
67
445
632
11
3302
3377
253
254
17
2
276
114
6
237
9
290
9
58
32
487
424
6
200
1006
105
1186
2
3378
25
234
200
105
237
100
290
34
20
416
48
28
1308
514
406
135
20
6
297
144
44
4
105
6
103
565
1128
17
2
220
416
67
166
6
319
551
3379
696
3380
2
1996
57
272
161
1070
87
1554
441
20
530
100
3381
779
64
2151
20
3248
127
9
206
20
3382
67
3383
4
1199
34
2
211
20
530
16
32
3384
157
3385
158
1246
17
64
3386
48
3387
67
435
32
975
1901
64
652
497
421
109
1383
1044
100
272
34
28
1939
105
32
1128
2176
2859
16
109
2
18
67
657
30
67
3289
3294
1383
17
67
736
2
2431
100
67
736
2
2797
199
488
71
32
945
441
3388
157
67
3389
30
1563
571
109
67
2011
3313
157
1654
263
123
20
585
1130
127
2627
2011
251
39
32
1341
105
67
1113
30
11
256
2
615
127
6
239
1938
475
498
58
289
6
239
20
23
49
153
301
625
229
67
1941
17
220
267
73
57
3289
3390
153
835
20
32
3391
1901
23
419
87
1571
90
487
2
174
197
198
20
531
475
498
109
17
47
229
67
1941
1228
20
3392
3393
87
551
49
92
197
1279
3394
1281
17
197
1887
3395
3396
3397
3398
2
1130
1418
475
498
132
149
736
3399
17
1151
265
105
67
590
3400
557
64
51
403
51
32
533
32
2720
17
32
2140
1346
3401
3402
378
1654
780
30
2191
3403
17
3404
109
2113
3405
25
26
27
64
615
3243
307
498
2
49
3406
439
6
316
20
57
986
1900
39
500
229
32
1217
3407
334
335
17
2066
76
6
47
57
673
30
696
237
92
3408
105
3409
86
303
800
6
1135
1164
1001
1953
322
184
1984
3410
71
498
113
114
51
106
3411
181
30
3412
157
1346
530
946
32
3407
475
459
64
499
72
84
696
312
685
986
1900
51
334
335
25
3413
633
2088
166
2159
2907
1534
46
2
301
197
155
3414
251
86
163
829
322
67
2004
2
959
17
2
114
163
1611
6
1314
391
6
319
626
424
231
105
127
17
114
32
552
229
1186
1491
30
90
67
794
109
32
2270
17
3415
1549
2139
67
166
67
1907
1908
292
106
3416
3417
1360
25
1938
746
873
64
24
756
67
1202
30
74
9
3418
2073
67
1910
207
1297
109
158
1948
134
87
2
1015
6
319
475
459
58
57
2
685
696
237
6
11
2033
17
64
3419
11
2175
14
6
884
101
303
5
6
945
144
229
1873
166
105
9
128
67
3420
5
6
452
100
127
3421
229
3422
3423
25
67
340
700
157
11
116
2
174
234
2
332
100
39
74
32
3424
71
135
2
49
67
792
266
1227
109
130
57
231
1192
1938
3425
67
1435
17
947
461
234
3426
32
538
3427
354
67
289
30
497
121
291
498
24
1103
6
1911
1912
1846
109
67
1843
4
32
963
312
3398
229
32
12
17
3428
109
3429
11
1943
667
17
292
234
32
3430
1341
105
67
1877
30
497
421
28
32
208
1490
3431
23
174
234
17
4
74
157
20
71
220
20
200
548
255
157
9
3432
3433
30
628
82
153
530
105
158
12
1608
17
316
74
498
1796
6
67
1843
57
3434
1849
39
497
56
428
71
57
459
39
548
36
149
255
157
3027
57
64
39
1199
34
64
585
239
199
67
792
585
47
100
26
764
109
26
1864
64
870
736
2637
64
441
241
109
2048
229
16
17
211
16
54
305
2
39
1015
127
25
67
1909
1851
59
239
38
498
2
3
128
208
1077
266
47
32
3435
9
58
67
3436
1864
320
516
115
105
34
20
46
2299
109
17
3437
986
1900
17
212
105
2042
217
526
25
696
632
153
835
20
32
3391
57
276
3438
67
792
322
167
3439
6
167
3440
72
2818
1589
30
3023
986
1900
67
1907
1908
2918
34
67
2033
1177
16
153
925
20
127
251
319
73
3441
2119
2
49
17
131
288
20
3442
82
3443
2
220
552
105
3409
64
174
16
71
2
250
3444
194
1296
483
3445
9
630
3435
1107
217
497
3446
2
3447
212
109
67
170
17
229
3448
145
1397
212
127
6
3449
105
426
206
3450
459
161
254
101
303
44
2
51
3451
32
3452
3453
67
2257
3289
3328
39
35
67
2190
30
32
3454
179
1362
84
1749
2405
105
181
3455
67
3456
378
3457
197
571
361
2011
3313
251
39
711
30
2458
3458
17
222
32
973
3459
109
3460
2041
81
17
3461
30
3462
67
1784
39
303
30
55
117
3463
71
100
279
292
1317
157
167
3464
100
39
109
899
32
1339
3465
1704
251
39
32
3466
105
11
3467
1762
17
67
2086
313
475
3468
3469
6
239
20
475
459
746
1972
234
6
239
128
30
67
760
216
276
20
2
174
234
57
20
101
428
2006
71
64
49
64
113
239
20
17
441
637
64
428
2
499
1140
1417
234
109
288
20
54
106
3468
3469
1938
282
23
553
197
421
67
3470
3471
2375
103
109
3472
91
2188
2189
2
46
250
48
34
249
637
32
138
240
140
2
174
197
153
239
234
20
8
109
67
626
1435
17
241
67
435
3473
36
20
46
452
32
1892
23
112
2
46
288
785
265
57
3433
153
1515
14
67
3467
3474
17
241
67
435
2877
57
10
153
789
1629
97
20
319
167
135
32
3475
475
3469
39
106
3476
520
625
127
312
109
67
919
2067
73
3477
383
737
229
2782
3478
1580
32
3478
740
3479
331
17
32
3480
3481
64
615
3482
71
303
1126
378
100
64
3483
229
32
1545
3484
3485
109
497
874
71
497
1031
39
1431
3421
17
3486
475
459
64
24
20
113
3069
67
3487
30
3488
71
20
276
1060
123
2
316
20
57
2
404
2033
30
67
677
2038
3489
109
67
730
2567
198
220
898
4
3201
82
3490
67
35
2593
2
114
231
6
20
58
557
11
3491
109
67
792
316
16
57
20
86
3492
109
67
3493
30
2018
560
483
67
1138
2183
2355
2066
100
2221
39
32
1339
3430
3494
17
2
2061
696
1220
57
64
39
1290
375
198
2
220
1972
20
755
109
3495
56
67
3496
3497
100
3361
2538
6
114
383
2038
1606
109
9
484
2465
3498
147
135
11
334
703
163
220
301
2876
50
2240
109
163
2210
3499
4
106
3484
2364
1181
3500
17
34
20
200
6
884
249
250
57
415
54
74
73
16
684
310
416
67
179
3501
3502
109
696
868
71
2
78
239
67
373
30
428
149
3503
2
1243
234
32
1474
87
288
20
416
6
239
16
73
475
3469
2
499
157
74
20
54
251
310
204
3504
3505
74
290
67
632
11
334
3506
1412
39
3507
32
1907
1908
30
67
792
3469
3123
497
1474
229
32
3508
30
32
1730
3509
1866
57
441
204
3510
1906
3511
100
32
487
3494
17
32
3512
1908
514
280
1039
115
2172
6
158
1864
249
250
234
596
2001
44
20
54
109
424
30
223
251
502
6
204
155
3513
10
30
3514
3421
3515
3516
1306
67
3517
3518
3519
74
3031
3520
3521
17
3522
2
273
3523
32
3524
44
956
44
2
585
1162
67
3525
2539
4
3016
38
157
3498
17
20
114
25
793
539
238
109
3498
6
241
109
2048
229
67
677
2011
290
251
72
67
35
3513
10
3526
3527
46
204
3528
3529
44
3530
3531
49
334
424
3532
58
303
620
67
899
58
57
62
109
223
383
995
3533
135
689
17
2197
113
17
288
3534
3421
3535
2
1880
67
3536
157
1938
986
1900
2
499
114
551
26
3238
109
67
170
3537
17
3538
23
3425
67
1435
6
32
1252
442
3539
44
32
3540
3541
3135
67
3542
17
1514
32
1920
538
2110
23
3543
383
3544
17
2423
1753
182
6
1186
17
748
6
197
170
3545
49
2
3546
719
3469
881
71
87
1228
20
416
6
239
16
73
2
1800
20
310
204
74
209
71
4
1045
1047
1500
378
67
792
1265
179
1490
1265
64
3547
16
34
415
301
3548
211
16
3549
109
67
1603
3550
17
11
503
276
279
54
80
6
2656
16
482
82
3551
153
316
884
6
450
3552
163
459
87
2
1015
6
316
20
39
3553
20
2175
289
6
158
3410
17
153
786
843
1423
57
2024
3554
316
234
57
67
3527
42
696
3119
198
58
6
3555
3556
157
67
626
223
131
276
204
354
3557
3055
2
986
11
409
754
141
6
1202
1081
334
274
721
17
275
6
3375
3558
3559
3340
867
17
3489
48
30
67
3560
1417
182
6
3561
6
3518
6
3562
3563
182
6
3564
846
182
109
3565
6
3566
3567
82
3568
316
3569
57
398
815
3570
696
1129
17
276
1208
67
3119
209
2139
67
813
71
251
113
204
163
3571
163
1265
73
334
3572
34
684
412
32
3573
3392
211
234
114
100
71
322
198
105
696
716
58
6
1299
689
44
106
3574
157
197
3575
2199
17
44
32
1220
1562
67
287
276
148
6
1296
67
3576
316
234
57
276
20
179
312
0
1431
3577
3469
1621
497
552
229
106
3578
3579
30
67
966
667
553
753
17
422
67
1435
44
3580
44
64
51
3581
109
100
2
1689
127
67
2627
1603
301
16
792
859
2
49
2
979
6
735
6
475
32
1906
498
0
153
637
