17
36
1938
2
2352
11
409
58
57
157
155
3201
2593
167
127
6
16
6
452
127
80
272
422
483
17
7
6
288
32
208
716
229
67
699
1423
3582
3027
23
3583
3193
3584
105
67
2907
15
16
229
197
2117
1100
3125
3585
17
32
3376
30
1474
3586
109
67
3587
25
197
1741
835
16
32
3588
2
3589
123
2
65
6
316
11
3590
3591
459
57
3592
23
585
898
30
39
6
1417
16
483
6
32
3593
3594
291
2
39
3595
1383
67
3596
793
151
3597
679
6
3598
57
103
58
879
17
57
1199
61
419
100
36
204
293
17
1275
57
2
566
204
1074
67
839
23
147
860
1491
23
947
127
3599
662
290
6
67
2107
17
465
1186
261
383
208
1637
3600
3601
109
158
955
23
49
476
6
239
20
105
813
2
220
239
755
303
23
959
1103
2
220
1275
6
204
3430
17
2
54
57
67
760
449
109
67
170
898
4
425
71
32
3602
557
2
220
1275
2
220
135
238
71
4
1199
34
2
898
57
272
84
58
128
30
2129
3603
3604
585
114
3327
127
270
44
3605
44
9
44
2
77
234
64
2066
26
428
3606
2
49
1072
100
64
2066
3432
109
206
64
1689
127
32
490
30
568
864
17
292
182
32
208
500
109
497
3607
1504
64
2066
36
375
105
344
17
1451
17
3608
157
497
1199
3609
64
39
32
195
30
1334
64
1191
32
208
424
17
64
1191
32
503
6
114
32
208
424
64
1000
114
115
2511
109
128
30
129
3610
3533
80
67
413
288
74
67
81
17
67
238
1208
3611
552
17
47
1183
2
570
32
2081
1429
2
51
2690
11
445
3612
2
509
87
3613
30
3614
972
123
64
3215
127
229
3615
2
332
30
3616
17
3617
3618
1925
17
3619
684
17
3620
3201
63
67
901
287
441
3621
16
38
39
128
2305
104
84
585
779
6
11
790
1164
3080
157
106
3622
316
16
73
9
593
595
1938
24
2
220
301
74
67
3623
73
234
17
9
333
1332
6
16
3624
57
3625
16
64
39
67
2448
2044
51
32
29
30
3626
105
25
2514
272
39
136
29
30
3627
73
100
863
263
1901
167
896
157
16
6
204
259
2
224
595
39
32
1128
3628
25
2514
17
310
114
51
32
3629
421
272
2066
36
375
3630
71
229
428
149
571
3631
1220
101
958
378
3632
57
58
64
141
540
2415
3633
48
361
67
631
3119
1050
497
716
963
32
503
51
32
3634
229
497
12
17
3635
67
340
44
32
341
342
217
23
337
48
105
234
67
340
2172
234
6
710
81
17
1052
234
6
67
110
64
1768
135
32
977
23
959
2262
497
12
135
57
316
16
736
73
197
58
23
1339
2
332
32
423
424
2
220
645
54
2
49
3040
2
240
509
23
39
2746
6
16
423
217
2
39
2746
6
197
23
51
32
3111
105
197
422
1367
17
32
3636
10
30
545
123
23
39
565
1722
30
16
2
409
23
141
534
30
3637
109
336
17
481
100
48
105
16
26
3428
2
553
11
421
3638
2687
428
149
105
32
631
3639
23
49
23
147
416
26
291
551
585
210
182
2
39
945
620
6
1227
197
295
123
551
585
210
182
23
147
416
182
78
319
2
1120
197
1228
23
47
20
1755
30
55
303
84
412
6
204
1755
23
392
16
3640
71
100
39
3641
6
204
144
197
2
240
509
87
514
250
123
2
141
3642
3643
3644
1296
290
425
25
74
82
3645
3646
290
425
1938
1328
57
2677
2495
23
268
153
1208
9
128
3460
28
593
595
17
272
459
1425
361
128
67
373
58
80
288
551
200
322
38
1177
239
20
576
3631
56
2
1684
48
426
1730
902
3647
3648
17
3649
593
594
595
290
17
290
1383
105
67
289
30
106
3650
23
18
100
1776
72
163
3651
23
268
17
167
425
135
426
601
898
2
585
301
32
577
3652
105
100
1177
7
2
1222
202
123
2
301
6
67
170
153
3653
32
577
105
67
3654
83
25
884
20
1805
100
109
157
3655
17
520
239
34
100
3656
23
553
197
421
163
2825
34
2
65
57
445
286
551
54
3657
114
67
3658
247
217
20
157
3659
46
20
898
30
270
1554
303
3055
20
200
6
884
17
239
333
109
885
17
1972
197
6
3660
11
601
82
637
20
46
200
17
237
6
197
17
1256
305
23
3661
197
3662
6
241
197
3663
127
20
46
250
48
305
1571
136
2118
73
3664
20
46
1972
34
23
136
3497
57
3665
3666
58
32
764
3667
265
3668
1458
17
305
23
136
3669
3670
3671
3672
72
620
23
1312
71
1664
2
5
6
301
6
884
17
288
74
1081
306
626
3261
2
49
20
17
2
46
3563
14
105
32
206
3673
3674
103
3675
215
4
104
3676
378
67
3677
20
46
577
105
333
239
34
4
303
209
23
666
72
128
10
87
46
551
2079
127
67
170
58
3678
127
109
3336
81
17
57
359
163
40
157
2960
3366
20
301
87
64
359
67
3338
17
415
316
16
57
67
3679
807
58
38
6
8
2
3222
67
1129
316
20
87
1938
2
3
50
115
3211
9
290
67
3527
5
6
1812
9
345
87
2
2431
105
67
560
1553
57
1059
46
1670
48
354
1186
67
3680
86
105
184
334
2682
71
1431
30
67
3681
2460
86
102
57
100
276
452
322
3682
1123
6
383
263
6
1130
127
3683
568
3684
3685
30
2536
9
2183
542
276
288
67
3686
17
67
223
276
204
290
378
3687
482
225
32
40
157
272
459
6
47
1623
383
82
539
186
23
112
3688
199
225
2247
3689
2
1222
74
3690
127
378
67
3691
334
3316
3692
3693
32
3694
105
2247
17
592
57
251
2066
26
6
204
51
225
3695
17
3696
2
3697
67
3698
5
6
204
2862
225
32
3699
31
304
44
873
1676
3700
17
520
204
625
304
23
268
34
20
416
6
1676
190
17
46
301
3558
361
3701
82
67
3702
71
251
86
3703
3704
3705
109
3696
17
3695
17
20
78
3588
361
67
3119
1164
447
25
884
199
73
3706
2
1699
551
46
3320
696
223
3313
17
3332
109
103
973
157
3707
3708
319
1845
3709
82
1186
1842
1938
3425
67
1435
17
3710
11
421
3711
3398
23
959
167
1649
2655
157
20
17
426
3712
2
54
11
10
144
67
166
786
483
704
3344
291
67
3687
206
1032
1132
48
167
74
625
157
32
1128
3713
123
67
3714
3715
17
32
195
30
3716
86
5
6
204
603
20
46
3320
572
30
55
71
249
114
6
637
157
57
34
20
113
200
109
157
3717
7
67
3718
82
67
3719
2960
3366
502
100
2112
36
57
67
35
10
20
46
47
571
48
30
67
3720
58
6
204
32
3524
82
32
3721
71
57
266
47
2538
2
111
109
26
632
17
25
26
424
1124
3722
105
87
58
5
6
1190
58
3164
32
3723
199
73
3724
155
30
67
223
3725
572
23
553
197
421
20
637
788
320
115
6
884
155
30
67
3430
2460
14
251
310
54
67
1340
1245
100
276
204
3726
34
415
46
35
301
3161
30
3727
2465
100
276
204
3728
3729
71
72
5
6
204
32
3730
3731
1219
67
3732
276
204
892
157
20
36
755
267
3733
30
3734
583
2
3367
197
199
109
873
404
2
5
6
301
155
3712
199
137
272
576
3027
25
67
188
189
1219
23
112
64
502
539
82
921
2774
3735
67
128
64
3669
157
3736
1608
3737
58
300
2266
3738
1912
459
1177
239
20
7
6
3279
57
77
64
3739
74
497
1002
17
3740
32
538
2156
1491
30
32
3741
290
67
2
2
65
57
32
274
1294
291
23
553
197
421
251
207
32
3742
109
398
815
84
273
450
32
577
229
57
105
100
1177
239
64
2266
497
56
6
103
144
38
239
34
20
78
673
100
23
3743
1047
32
3376
30
2738
17
3040
512
127
229
32
673
30
67
790
30
3744
378
276
3745
272
332
9
441
204
208
157
16
23
99
38
100
58
157
986
1938
1900
229
67
3746
30
3738
1912
459
64
39
135
3747
30
3748
292
234
32
3749
64
816
57
157
16
3750
217
3657
115
1382
3751
188
2381
25
106
171
3330
3752
7
100
2
65
67
588
1383
71
67
471
39
62
764
265
11
3753
3754
9
424
100
615
135
87
100
3117
3755
3659
873
2
2412
50
584
141
6
288
785
265
57
199
73
11
3756
100
555
204
1961
23
174
16
199
575
100
58
6
894
32
588
72
115
3757
167
103
73
67
3758
30
67
3759
17
67
3760
30
67
3648
163
383
3761
86
3762
3763
17
72
755
32
3756
3764
277
1040
415
141
3765
131
894
100
520
1664
2
5
6
301
155
3712
2
1699
2
78
618
105
3631
884
3766
67
3348
86
251
207
149
251
1219
17
34
2
7
6
618
105
459
3767
153
250
212
109
67
3768
23
141
127
17
465
1186
1623
3769
30
3600
2
141
100
23
313
100
146
204
428
177
157
20
71
167
785
265
3770
20
908
249
1316
16
155
873
3398
2
141
163
3771
82
3772
109
67
3767
17
32
274
3773
109
3333
163
9
58
785
300
1670
48
158
699
17
2877
158
331
100
3774
135
3775
2
830
289
109
67
121
330
11
331
17
3776
11
209
699
109
1534
30
16
3353
3777
2
280
197
3778
361
67
2113
123
23
512
289
197
874
3774
3779
44
23
1602
9
58
100
3398
241
129
331
2877
251
39
32
2742
3780
3781
2139
67
3782
30
11
1904
295
11
209
699
39
1658
722
17
3783
2
1363
11
331
6
239
1938
1903
32
3784
3785
3786
109
197
699
17
2313
25
16
2900
44
67
3787
3788
322
11
3789
272
23
3790
17
2984
14
109
67
1533
2
614
3209
67
3791
322
11
3792
17
3793
100
144
11
3794
1904
3795
1649
20
2
2412
4
439
3398
23
1602
2
147
416
6
440
20
100
132
67
35
10
20
1199
945
2
401
3796
25
197
288
20
3797
20
3798
229
57
3786
109
158
699
17
566
114
3799
106
3800
163
1228
2
23
3801
127
614
17
615
144
3802
2
486
1078
137
100
440
149
303
2253
756
67
1128
872
198
20
393
135
272
23
3
64
240
141
1033
575
779
20
1128
3803
34
320
3799
158
1904
20
141
6
114
32
3804
17
34
20
141
32
3804
105
158
209
699
158
3761
5
6
204
3605
74
20
148
288
58
3805
100
17
2
82
128
30
67
449
276
2002
100
17
67
83
276
1125
100
17
249
301
67
3712
2
332
57
128
290
320
141
103
109
158
421
869
129
1128
2435
331
2
224
198
34
20
35
114
155
3806
17
3807
520
239
34
2
46
3808
483
3809
23
1043
3810
67
334
286
249
301
23
49
251
203
6
204
103
109
67
3811
3159
3802
23
870
2
1180
153
114
6
301
20
3812
17
1732
20
109
67
307
300
135
32
3398
3813
57
103
199
73
155
1806
2
1699
20
49
103
73
32
2080
289
25
67
170
17
74
320
871
16
58
527
17
3274
20
301
105
229
158
851
17
211
16
7
6
2123
11
699
2
532
361
67
2113
3814
155
3815
17
32
1504
30
3816
3817
173
67
3758
30
3787
51
3818
2
3041
6
3819
212
2254
157
67
3820
30
3821
272
459
588
319
272
1938
1658
1343
25
67
2113
435
229
106
3822
30
2080
461
197
50
300
2856
48
103
34
20
2310
272
71
32
3823
322
67
1138
167
303
1757
157
20
6
239
16
109
11
1100
101
3824
746
241
3085
105
788
217
1748
2
49
2
146
681
105
3825
4
2862
23
112
20
304
46
47
135
272
23
3826
550
67
3827
1719
