520
251
100
58
498
2
931
11
3828
986
1900
2034
16
11
12
266
17
2
220
1555
20
6
71
34
28
1297
2
46
3829
4
593
595
26
1978
30
3830
67
794
1621
497
552
17
1814
3831
25
67
3832
215
1938
1622
234
32
398
3628
30
3444
17
3833
3834
475
459
64
49
25
334
4
1382
158
787
109
158
3835
986
1900
3836
2327
100
3837
167
303
157
16
6
530
20
32
3838
220
20
3839
1938
2061
234
303
215
4
144
794
82
163
794
319
87
288
67
1702
32
1906
681
157
109
158
56
3840
3841
87
288
20
898
3842
3843
30
55
163
475
459
2
146
530
20
32
3838
557
6
316
67
839
4
303
304
57
20
86
2769
30
3844
306
114
515
109
9
223
9
566
114
515
71
2
78
288
270
73
100
78
20
25
793
577
105
67
595
3760
2
499
498
553
497
421
91
2
585
288
26
3845
514
114
6
2175
11
3846
6
67
2033
34
2
39
499
157
32
2593
514
114
6
897
57
2
51
3847
157
3211
57
495
3631
3848
67
792
502
240
3849
32
3850
105
3851
115
2028
322
67
1138
1125
361
964
3852
17
58
198
757
3054
109
67
2438
30
772
1912
459
3853
3283
57
2175
322
16
441
200
322
11
2033
209
127
6
1906
1931
1932
67
3854
67
2060
3855
30
1988
67
3159
17
3856
719
198
273
57
21
177
105
11
1892
273
57
300
971
16
209
109
3857
157
3858
204
1313
20
383
4
303
102
2
220
1227
9
3859
71
100
441
204
3164
11
716
6
804
135
2
3451
638
2
141
32
12
17
539
3428
109
3429
163
3220
1938
3583
3193
157
32
274
780
3842
3843
498
23
544
20
622
49
270
73
9
3860
2448
3469
2
1312
20
585
288
103
73
234
1164
1952
73
16
17
11
790
3469
498
3861
497
2934
5
217
234
441
3862
16
30
67
424
551
2278
67
3863
30
2021
3864
229
32
995
3865
3866
3867
3469
58
74
64
579
64
58
17
2223
86
48
303
6
2048
234
199
288
20
898
551
203
6
1296
9
223
1219
3868
87
73
57
995
3865
3867
1938
1699
2294
3869
322
67
720
3870
67
179
2021
1181
3696
17
20
3871
1625
1759
17
67
3470
1938
3872
17
157
67
3873
424
153
897
57
11
3874
56
39
3875
17
11
3876
56
39
3877
36
415
3878
3085
2414
135
3879
82
3880
71
167
74
128
97
163
3881
36
251
2
1073
182
6
301
290
184
3882
3883
17
231
289
6
67
318
30
67
3867
520
475
459
498
99
167
9
10
127
109
67
3884
551
114
32
1907
10
30
851
3867
74
20
148
58
32
3867
32
3885
32
3886
2431
17
32
297
30
3887
445
20
1016
158
3867
72
2818
1944
20
3888
234
17
20
3889
234
17
3890
234
127
135
32
3891
295
20
3892
234
127
44
956
44
20
46
2081
2526
32
3885
300
1400
67
3893
17
1305
234
109
36
64
146
846
295
20
2602
32
3894
381
1853
234
2526
67
3895
67
381
29
30
3896
67
3867
135
32
3897
3898
3899
483
67
3900
17
3901
67
3902
67
3893
300
3903
3904
14
105
67
3867
3905
215
1571
851
300
73
67
424
67
2810
3906
6
3907
2
1000
114
99
20
2431
483
67
3908
300
1480
67
3893
36
67
3900
46
301
1040
322
67
357
17
67
179
3895
276
618
135
32
3909
625
32
3910
6
32
297
30
3887
1145
100
109
67
381
17
213
135
873
520
489
67
3887
2026
483
17
300
3903
3911
67
179
3912
3867
48
67
3895
135
32
3913
295
20
3176
100
127
3914
100
289
6
67
3915
3847
17
2
316
20
475
459
167
2818
2130
3916
198
9
424
551
3917
2278
67
3863
30
2021
3864
64
39
548
32
3730
3918
290
25
67
179
259
3847
17
2
898
2
301
67
1854
498
2
49
3919
109
105
234
2540
551
1228
1339
149
67
3920
286
229
3398
3921
17
3922
109
67
1138
123
551
101
217
708
3923
67
3924
2652
163
1812
30
3398
3925
2
409
36
3657
3176
3085
127
109
32
3926
1130
182
2073
182
229
3927
3922
17
297
182
109
67
3928
3929
295
3657
2048
483
32
3930
3931
461
3085
3921
86
3903
3932
36
415
532
48
67
3933
135
32
3934
3935
67
3936
3937
30
67
3938
303
35
3939
67
1223
71
3940
67
3922
57
3941
48
625
127
2219
3942
17
3930
3943
295
3657
1417
32
3944
48
6
3176
3085
127
17
114
3085
109
1241
2270
229
3945
3946
415
101
3947
128
424
123
551
101
3948
3949
67
3950
30
163
3951
3952
1418
551
51
32
1223
109
67
2785
3088
17
3953
100
25
32
708
690
100
2278
2
46
239
1938
24
57
50
115
3954
32
195
30
1334
38
109
398
815
63
153
240
1044
67
424
551
472
551
592
32
640
3955
109
32
1178
3956
25
67
3957
84
109
873
46
57
204
67
3958
1763
3959
498
615
32
538
3960
2
332
100
566
1299
32
195
30
424
17
255
64
49
34
2
499
980
459
6
925
1186
38
2
174
197
57
986
1900
39
32
496
30
3961
555
785
200
109
67
760
1435
17
971
105
1454
3962
20
220
148
103
736
1506
3963
265
129
6
267
475
459
72
300
3964
498
2
268
1228
20
516
239
32
12
84
611
894
32
3965
25
32
574
3966
3967
105
32
257
17
1300
335
78
319
2
1228
67
1907
1908
224
71
50
240
51
71
128
12
17
1571
2006
229
67
3428
251
39
32
1745
105
67
435
17
498
1363
100
229
32
3968
1031
231
209
109
980
459
64
49
11
496
986
1900
58
109
67
760
1435
17
276
204
48
109
32
975
475
459
17
2
9
49
390
58
980
152
217
272
147
1077
127
157
32
490
30
3969
551
971
696
3970
2414
17
338
57
383
585
267
44
3971
44
128
36
123
2
141
158
3972
2
300
1422
151
17
38
551
86
747
272
58
9
1623
30
158
3973
1040
322
500
151
152
615
1339
149
67
10
32
3974
3867
109
32
3885
566
204
2480
6
486
215
892
157
67
3887
6
2324
117
2130
3975
17
303
1388
32
1649
305
23
2278
67
3863
30
67
179
2021
1181
747
272
23
24
907
9
1623
30
158
3976
773
2
1996
57
1938
49
322
67
1549
9
58
11
504
17
2
147
3977
20
17
153
114
20
54
57
4
32
117
3978
406
3979
503
67
1525
30
3980
39
35
741
3981
378
67
899
57
44
23
3483
32
3769
30
1159
3982
2988
71
3983
3633
1400
67
3984
30
197
781
17
1530
109
32
3985
25
197
2302
1938
615
14
746
873
449
23
49
756
67
1202
114
32
552
1625
20
986
1900
390
3
2
276
47
628
3460
527
17
67
3920
157
980
152
86
20
378
26
40
3986
109
11
1711
170
4
497
1943
1938
224
272
1
464
105
16
229
32
2373
135
129
3987
109
3988
2089
131
1281
378
106
1516
955
17
20
3989
57
20
51
425
6
288
229
67
3990
2
39
945
620
6
1227
20
25
67
424
880
2
99
3991
2
147
54
100
212
498
512
3992
6
11
3993
91
20
3020
6
26
3021
980
459
64
1073
2
898
2
203
6
897
57
2
1519
67
792
17
57
475
459
512
38
1412
25
11
3994
158
1066
3995
6
204
109
117
1561
255
1047
67
825
804
2
3996
404
3997
57
225
115
32
3998
17
57
1423
842
71
11
3999
58
30
163
1317
3055
2
46
250
2990
6
4000
100
756
64
801
151
152
499
1690
276
64
200
6
4001
4002
980
152
498
3
4
303
2918
6
4003
67
2234
30
67
4004
354
234
163
4005
4006
502
115
4007
17
34
20
46
145
16
639
276
204
392
67
1944
286
58
6
54
80
64
39
17
87
64
39
90
322
67
4008
30
858
291
67
1428
30
1860
755
67
4008
30
858
11
12
1699
64
39
229
16
25
298
299
1431
30
57
424
2
17
67
1362
25
67
59
1342
46
3170
6
57
2
220
898
64
532
6
67
170
149
57
3261
100
39
95
3261
64
17
2
532
6
1873
980
459
64
49
20
86
32
1192
17
4009
3288
167
300
428
1217
57
128
30
696
3491
502
1045
4010
67
4011
503
84
4012
57
475
459
147
231
500
173
74
57
3261
390
4013
289
109
197
121
17
615
25
16
229
106
2219
30
4014
4015
272
23
1073
200
1717
17
316
234
80
20
101
4
158
12
17
2
220
2120
87
4016
20
101
127
6
82
87
408
20
101
229
300
36
415
220
1417
20
6
4017
2
667
25
197
1
2
3
2
835
20
11
97
2
584
220
77
2
220
54
80
2
39
44
2
174
20
67
760
482
50
517
32
519
44
6
87
515
91
334
480
93
980
152
481
783
30
67
975
30
4018
2045
131
1615
9
4019
220
7
6
204
4020
272
23
1073
16
551
448
4021
6
4022
100
1
71
272
4023
57
3261
229
16
64
4024
32
504
157
16
2078
475
498
73
1122
721
2698
17
551
971
109
32
901
3261
2414
2
4025
20
898
4
32
4026
408
71
498
615
645
2427
4027
2
1234
288
303
416
6
4028
32
3288
64
174
197
71
67
1910
659
127
105
57
3836
92
67
4029
17
67
4030
408
261
1184
57
391
157
334
480
93
17
591
123
20
101
251
378
946
4031
20
4032
475
459
51
115
45
67
632
157
25
793
383
721
67
1114
4033
17
67
4034
4035
448
115
1309
17
67
1806
109
67
4036
39
4037
251
51
115
163
4038
746
4039
151
30
74
67
4040
4041
67
4042
25
223
980
152
67
1907
1908
3
17
215
4
25
100
2
566
44
520
1299
986
1900
67
255
30
1074
16
57
475
459
4023
57
3261
38
229
197
64
1228
303
754
659
9
3836
59
1431
1793
44
520
44
475
459
170
755
57
1570
3261
2
499
498
464
6
16
4043
109
2616
30
158
2802
4044
6
16
64
1333
4
304
20
276
1060
9
4045
32
2925
2391
1228
303
4046
322
32
2925
1825
291
67
4047
30
858
32
2925
4048
39
303
4049
105
813
57
2391
291
217
23
51
4050
91
295
67
4051
84
1397
67
4048
6
67
2391
51
163
3722
131
2391
51
115
4052
91
295
1059
105
57
2391
51
26
3722
57
26
4048
441
204
1397
105
813
17
51
163
3722
30
67
2234
30
167
4053
1196
4054
101
392
113
114
115
392
4055
67
3385
274
275
57
25
26
27
58
67
1939
4056
67
1910
502
4057
114
20
163
872
30
80
20
566
114
115
109
57
2461
475
459
2
1967
11
421
109
11
753
17
332
289
6
57
4058
307
1654
275
91
123
67
560
1684
48
30
4059
340
4060
17
4061
2021
540
4062
393
157
4063
17
67
4064
30
4065
1506
4066
2
2564
199
44
551
748
4067
4068
6
67
4069
2179
25
4070
32
4071
51
971
48
231
4072
17
971
32
4073
4074
2233
1186
2
2564
67
4075
64
1539
105
67
4076
215
551
392
32
4077
157
67
4071
17
4078
32
664
4079
105
813
17
199
100
39
2807
1400
4080
229
32
2291
4081
295
2
332
30
67
213
48
2170
371
3897
2189
17
2171
696
1577
108
4082
540
67
4083
4084
30
67
1138
215
67
3894
110
2119
4085
354
696
1825
1022
17
67
2367
4086
17
2391
553
17
67
2275
2276
4087
2139
67
2272
17
2
2564
57
334
335
109
67
1241
123
4088
4089
4090
4091
57
64
163
475
498
2
174
234
4
2035
57
67
306
2
77
273
145
1064
30
1186
20
200
1717
17
239
87
20
46
250
48
73
16
17
36
276
2
272
390
49
4092
316
234
80
20
101
880
167
163
1202
4093
57
20
220
77
2
54
57
20
46
897
2
54
225
425
565
879
1938
337
2139
17
971
197
699
105
1244
2362
555
785
114
1623
552
980
459
23
24
17
36
51
2
9
29
30
286
58
4094
6
452
151
615
127
4095
25
498
34
272
146
145
3027
2
276
23
49
153
250
48
87
67
1128
823
39
90
17
123
2
4096
48
231
105
1
2
174
11
12
1177
200
500
50
51
73
44
149
30
9
44
2
46
681
498
20
54
80
20
46
2656
16
34
20
301
67
97
322
884
109
67
1076
755
220
20
431
127
57
3469
3760
72
67
1979
1246
50
4097
498
1621
497
3444
475
459
64
959
28
645
209
71
251
207
32
1874
286
2
46
288
73
100
754
51
4098
2223
6
786
483
57
2448
17
229
67
1910
2223
58
2223
